0.036362539045512676
0.036636507138609886
0.036906530149281025
0.03699045907706022
0.03716819081455469
0.037215812131762505
0.03736007772386074
0.03746597655117512
0.03748446889221668
0.03761789947748184
0.03766830451786518
0.03768369276076555
0.03778933081775904
0.03783999662846327
0.038029070012271404
0.038040464743971825
0.03813035972416401
0.03815784025937319
0.038160511292517185
0.03816132713109255
0.03817036468535662
0.03818495664745569
0.03826887719333172
0.03829513303935528
0.03832407854497433
0.03832429554313421
0.03833465464413166
0.03835064172744751
0.03838712256401777
0.03841201774775982
0.03842625580728054
0.03851025924086571
0.03852758929133415
0.038546095602214336
0.03860187716782093
0.038642339408397675
0.03867415338754654
0.0387188121676445
0.03874542284756899
0.03875036910176277
0.038759367540478706
0.03876778203994036
0.038797205314040184
0.03879946004599333
0.03881231788545847
0.03883533086627722
0.03886223305016756
0.038877058774232864
0.03888378106057644
0.03888548165559769
0.03888621088117361
0.038892085663974285
0.03890484198927879
0.03891950845718384
0.0389196015894413
0.038949317298829556
0.038966305553913116
0.03897303435951471
0.038988945074379444
0.038993705064058304
0.03901669289916754
0.03904044535011053
0.03905284218490124
0.03906573634594679
0.03908880893141031
0.03911012876778841
0.03911579214036465
0.0391165129840374
0.0391214769333601
0.03915640991181135
0.0391777204349637
0.03918545786291361
0.03918820060789585
0.03919441066682339
0.03920448664575815
0.03921794705092907
0.039220789447426796
0.03923005983233452
0.03924019727855921
0.039240903221070766
0.03924918733537197
0.03927659895271063
0.03927899710834026
0.03930538892745972
0.03931573871523142
0.03932738956063986
0.039337657392024994
0.03935093618929386
0.03935330826789141
0.039363544434309006
0.03937975596636534
0.03938042838126421
0.03939607460051775
0.03943317010998726
0.03946190420538187
0.0394630990922451
0.03946628049015999
0.0394730307161808
0.03947708662599325
0.03949293214827776
0.03955756686627865
0.039558641612529755
0.03957439586520195
0.039575581438839436
0.03959396108984947
0.03959830105304718
0.03960039373487234
0.03960790205746889
0.039611903950572014
0.03962526097893715
0.03963024262338877
0.039640337228775024
0.03964755032211542
0.03965600673109293
0.03968216944485903
0.039685167372226715
0.03969367500394583
0.039694154635071754
0.039701392874121666
0.03970176540315151
0.03970436844974756
0.03970829676836729
0.03971564956009388
0.039715723134577274
0.03972579538822174
0.03974003251641989
0.03974209167063236
0.03974277898669243
0.03975648805499077
0.039756933227181435
0.039774882607162
0.0397817175835371
0.03978751413524151
0.039797001518309116
0.039801521226763725
0.03980422392487526
0.039811691269278526
0.039829859510064125
0.039870571345090866
0.03987682703882456
0.03988218680024147
0.03990512806922197
0.03991725482046604
0.03993731737136841
0.03994580078870058
0.039960259571671486
0.03996155597269535
0.03997247852385044
0.03999402839690447
0.039997887797653675
0.040005321614444256
0.04001164436340332
0.040032860822975636
0.04003585875034332
0.04006985388696194
0.04010942671447992
0.04013079032301903
0.04013586603105068
0.04014020785689354
0.0401673773303628
0.040190091356635094
0.04020957928150892
0.04024440702050924
0.04026392474770546
0.040277548134326935
0.04032342880964279
0.040326370857656
0.04033481515944004
0.04034435469657183
0.040387158282101154
0.040401811711490154
0.04041106626391411
0.040433868765830994
0.040457578375935555
0.04046327620744705
0.04047200735658407
0.040492910891771317
0.040500037372112274
0.04054085072129965
0.04055538401007652
0.04057242814451456
0.04061375744640827
0.04061792232096195
0.0406365841627121
0.0406470000743866
0.040649471804499626
0.04067715723067522
0.0407324880361557
0.04076304845511913
0.040794079191982746
0.04086988139897585
0.04088562075048685
0.04090565722435713
0.0409195339307189
0.0410612802952528
0.04114808887243271
0.041149308905005455
0.041160822845995426
0.04122904594987631
0.04125093203037977
0.04126858618110418
0.04132181406021118
0.041341918520629406
0.04140052478760481
0.04144982807338238
0.04145297221839428
0.04149822145700455
0.041537607088685036
0.04154681321233511
0.041588885709643364
0.04161805659532547
0.04163640923798084
0.04164752084761858
0.04170366749167442
0.04171639122068882
0.04172153118997812
0.04175660014152527
0.04176794923841953
0.0417785057798028
0.041836509481072426
0.041837568394839764
0.04185018129646778
0.04185335244983435
0.04186141490936279
0.04187450651079416
0.04188580438494682
0.04193519242107868
0.04194582346826792
0.042009479366242886
0.042009870521724224
0.04201028682291508
0.04201521538197994
0.042019096203148365
0.042034574784338474
0.04205457493662834
0.042061773128807545
0.042087238281965256
0.04209570772945881
0.04212459083646536
0.04214684572070837
0.04216067027300596
0.04216201324015856
0.04216586984694004
0.04217793978750706
0.042207930237054825
0.04223589971661568
0.04223861824721098
0.04224863275885582
0.042255476117134094
0.04225847125053406
0.04226002283394337
0.04226087965071201
0.04226227756589651
0.04226599261164665
0.04226906318217516
0.04227498732507229
0.04228046257048845
0.042287674732506275
0.042291208170354366
0.04229127522557974
0.042294932529330254
0.04229992441833019
0.042308663949370384
0.042314390651881695
0.042323123663663864
0.0423268536105752
0.04233459383249283
0.042337498627603054
0.04234189447015524
0.042343517765402794
0.04234455991536379
0.04234532453119755
0.042347751557826996
0.04234876576811075
0.04234984423965216
0.04235111176967621
0.042353151366114616
0.042358797043561935
0.04237052984535694
0.042372762225568295
0.0423759501427412
0.04237899463623762
0.04239033628255129
0.04239059519022703
0.04239306226372719
0.04239337984472513
0.04239735007286072
0.04240000993013382
0.04240245930850506
0.042402952909469604
0.04240463487803936
0.0424050772562623
0.042410838417708874
0.04242144990712404
0.04242313001304865
0.042423173785209656
0.04242771025747061
0.04243446234613657
0.04243500251322985
0.04243531636893749
0.04243693687021732
0.04243747517466545
0.04244334250688553
0.04244625009596348
0.04244800936430693
0.04245057050138712
0.0424517747014761
0.0424528494477272
0.042454362846910954
0.04245741944760084
0.042457617819309235
0.04245817940682173
0.04246159456670284
0.04246451240032911
0.04246788192540407
0.042469222098588943
0.042469545267522335
0.04247081745415926
0.04247361049056053
0.04247531108558178
0.04248023126274347
0.042480635456740856
0.04248382430523634
0.04248546436429024
0.042490691877901554
0.042491400614380836
0.0424972465261817
0.04250252526253462
0.04250260815024376
0.04250619374215603
0.04250696953386068
0.04250701516866684
0.04251735284924507
0.042518782429397106
0.04252129886299372
0.04252594895660877
0.04252645932137966
0.042529008351266384
0.04253215994685888
0.042535693384706974
0.04253694973886013
0.042539242655038834
0.04254086688160896
0.0425424175336957
0.04254301730543375
0.04254371766000986
0.04254571534693241
0.042556953616440296
0.04255839250981808
0.04256106726825237
0.04256389942020178
0.042564679868519306
0.042565107345581055
0.04256890341639519
0.04256934020668268
0.04257243499159813
0.042575110681355
0.042575317434966564
0.04257933609187603
0.0425842609256506
0.04258644115179777
0.042586459778249264
0.04258669260889292
0.04258762579411268
0.04258820414543152
0.04259058926254511
0.04259308986365795
0.04259531106799841
0.042599902488291264
0.042601062916219234
0.04260245244950056
0.04260387271642685
0.042604340240359306
0.042606220580637455
0.042606716975569725
0.04260709974914789
0.04260856658220291
0.04260996077209711
0.04261149186640978
0.0426127640530467
0.04261278361082077
0.04261441435664892
0.04261775501072407
0.042620351538062096
0.042621977627277374
0.04262386728078127
0.04262582119554281
0.042631580494344234
0.04263424500823021
0.04263443313539028
0.042634968645870686
0.04263561684638262
0.042637539096176624
0.042639064602553844
0.042640186846256256
0.042640225030481815
0.04264402948319912
0.04264683835208416
0.04264687094837427
0.04264771193265915
0.04264857620000839
0.042649527080357075
0.04265088681131601
0.042651294730603695
0.04265179764479399
0.042652713134884834
0.04265351966023445
0.042653962038457394
0.042682318948209286
0.042682952247560024
0.04268588870763779
0.04269449133425951
0.042700499296188354
0.042705727741122246
0.04271239787340164
0.04271660279482603
0.042717364616692066
0.04271888080984354
0.04271933622658253
0.042720320634543896
0.04272251855581999
0.042724741622805595
0.042730337008833885
0.04273212794214487
0.0427348418161273
0.042737267911434174
0.042739104479551315
0.042739917524158955
0.042740327306091785
0.042745718732476234
0.04275256861001253
0.04275831114500761
0.042758422903716564
0.042775887064635754
0.042780122719705105
0.04278077930212021
0.04278665408492088
0.04279111698269844
0.0427940608933568
0.04279604647308588
0.042802177369594574
0.042809631675481796
0.04281726572662592
0.0428237933665514
0.042824254371225834
0.04282473120838404
0.04282726626843214
0.04284212738275528
0.042843081057071686
0.04284509364515543
0.0428492883220315
0.04284938331693411
0.04284946620464325
0.042851993814110756
0.04286174941807985
0.04286206606775522
0.042865914292633533
0.04286940302699804
0.04287412948906422
0.04287512879818678
0.04287783149629831
0.04289666470140219
0.042898574844002724
0.04290186893194914
0.042902979999780655
0.04290666803717613
0.04291243199259043
0.042913541197776794
0.042915645986795425
0.04291614145040512
0.042922462336719036
0.042926629073917866
0.042929111048579216
0.042932914569973946
0.042935420759022236
0.04293857514858246
0.04294470138847828
0.042946361005306244
0.042948294430971146
0.042948873713612556
0.042950318194925785
0.04295483883470297
0.04296065028756857
0.042964533902704716
0.04296576324850321
0.042966327629983425
0.04296722076833248
0.04296756722033024
0.042969691567122936
0.04297073371708393
0.042971073649823666
0.042978374287486076
0.04298211634159088
0.04298314452171326
0.04298454988747835
0.04298727959394455
0.042989807203412056
0.04299085680395365
0.04299226030707359
0.042993152514100075
0.042999750934541225
0.04300056956708431
0.04300136025995016
0.04300246015191078
0.043006363324820995
0.043007449246943
0.04300821293145418
0.04300849325954914
0.043019562028348446
0.043019882403314114
0.04302067682147026
0.04302178230136633
0.04302416555583477
0.043024253100156784
0.04302563611418009
0.04302890878170729
0.043031539767980576
0.04303260985761881
0.043034765869379044
0.04303569905459881
0.04304477199912071
0.043045856058597565
0.043050579726696014
0.0430569127202034
0.043058586306869984
0.04306436702609062
0.04306472185999155
0.043068901635706425
0.04306960944086313
0.04307123180478811
0.04307212494313717
0.04307233635336161
0.04307651612907648
0.04308285564184189
0.04308990482240915
0.043090395629405975
0.04309255909174681
0.043093159794807434
0.04309456888586283
0.043094782158732414
0.043095070868730545
0.04310243297368288
0.043104272335767746
0.04310845676809549
0.04310966748744249
0.04311009217053652
0.04311514552682638
0.04311642237007618
0.04311676509678364
0.043121254071593285
0.04312543943524361
0.04312756098806858
0.04313036147505045
0.04313074238598347
0.0431308513507247
0.04313509725034237
0.04313844908028841
0.04313908237963915
0.043139757588505745
0.04314406402409077
0.04314424470067024
0.043145800940692425
0.04314746428281069
0.043149158358573914
0.04315423313528299
0.043159591034054756
0.04316573403775692
0.04317710641771555
0.04317926708608866
0.043181740678846836
0.0431842440739274
0.043184712529182434
0.04318489972501993
0.04318729694932699
0.0431882431730628
0.04318859335035086
0.043193113058805466
0.0432006549090147
0.04320161230862141
0.04320370405912399
0.043204961344599724
0.04320886451750994
0.04320985730737448
0.0432122303172946
0.043217591010034084
0.043220797553658485
0.04322178941220045
0.043224964290857315
0.043225375935435295
0.043225476518273354
0.043226695619523525
0.043228162452578545
0.04323195852339268
0.043232900090515614
0.043240856379270554
0.04325113818049431
0.04325264319777489
0.04325295612215996
0.04325534589588642
0.043256268836557865
0.0432652086019516
0.04326589033007622
0.04327076114714146
0.043271394446492195
0.043272615410387516
0.0432755658403039
0.04327922221273184
0.04328165948390961
0.04328200872987509
0.0432822136208415
0.04328737035393715
0.043288362212479115
0.04328939691185951
0.04329146258533001
0.04329359903931618
0.043295069597661495
0.04330154228955507
0.0433023888617754
0.043304028920829296
0.043305374681949615
0.04331200197339058
0.04331233073025942
0.04331246204674244
0.0433134064078331
0.04331426229327917
0.04332630056887865
0.04333104472607374
0.04333150666207075
0.04333693813532591
0.04333762265741825
0.04333804454654455
0.04334100056439638
0.04334144573658705
0.04334235843271017
0.04334728233516216
0.04335736483335495
0.04336062539368868
0.043366434052586555
0.043366837315261364
0.043369704857468605
0.04337045457214117
0.043370602652430534
0.04337521642446518
0.04337893705815077
0.043380381539464
0.043386816047132015
0.04339794907718897
0.04339984990656376
0.04340152721852064
0.043402220122516155
0.04340415354818106
0.043406457640230656
0.04340888652950525
0.0434156097471714
0.04342004284262657
0.043422213755548
0.043429700657725334
0.04343198612332344
0.04344130679965019
0.04345639515668154
0.04346057306975126
0.04348926246166229
0.043490719981491566
0.04349468555301428
0.04349667299538851
0.043499876745045185
0.04350414406508207
0.04351537115871906
0.04351942893117666
0.04352099820971489
0.04352168086916208
0.043522597290575504
0.04353356081992388
0.043534180149436
0.043541502207517624
0.0435489509254694
0.043550494126975536
0.043552967719733715
0.043559061363339424
0.043560177087783813
0.04356044437736273
0.04356277734041214
0.04357186704874039
0.043583289720118046
0.04358526226133108
0.0435876976698637
0.043591574765741825
0.0435968404635787
0.043598308227956295
0.0435984842479229
0.04360410384833813
0.04360436927527189
0.043605972081422806
0.04360818210989237
0.043615865521132946
0.04362151678651571
0.043629713356494904
0.043639907613396645
0.04364135302603245
0.043642276898026466
0.04364989884197712
0.043650890700519085
0.04365492798388004
0.04365918226540089
0.0436630817130208
0.043663873337209225
0.04366387985646725
0.043676829896867275
0.04368179105222225
0.04369361978024244
0.043702367693185806
0.04371457174420357
0.04371459875255823
0.0437215780839324
0.04372227843850851
0.043728411197662354
0.04373887553811073
0.04373914189636707
0.04374178498983383
0.04376320447772741
0.04376391228288412
0.04376660753041506
0.0437674755230546
0.043778263963758945
0.0437806099653244
0.043785723857581615
0.04378934111446142
0.04378981422632933
0.04379113670438528
0.0437915762886405
0.04380005318671465
0.043810032308101654
0.043813702650368214
0.04382262099534273
0.04383842088282108
0.04383948817849159
0.04385455138981342
0.043857840821146965
0.04385983757674694
0.04386316053569317
0.043865823186933994
0.043877312913537025
0.04387803003191948
0.04388281609863043
0.04389352258294821
0.043905628845095634
0.0439103115350008
0.04391147382557392
0.04391709994524717
0.04392576776444912
0.04392696265131235
0.043929251842200756
0.043936293572187424
0.04393981583416462
0.04394133388996124
0.04394140839576721
0.04394474811851978
0.043947044759988785
0.04395259451121092
0.043958728201687336
0.04396428447216749
0.04396732524037361
0.043975066393613815
0.04397560749202967
0.043978551402688026
0.04398850537836552
0.04398995824158192
0.044000827707350254
0.04400554485619068
0.04401880223304033
0.04402932710945606
0.0440373420715332
0.04404364246875048
0.044054619036614895
0.04405572451651096
0.04406099207699299
0.04407468717545271
0.04407739918678999
0.044079060666263103
0.044080172665417194
0.04408839903771877
0.0440977755934
0.04410433303564787
0.04410620965063572
0.04410998150706291
0.04411150887608528
0.04411524720489979
0.044127391651272774
0.044129191897809505
0.044137923046946526
0.04413812234997749
0.044152868911623955
0.04417342599481344
0.0441740732640028
0.04417943209409714
0.044179665856063366
0.04418192803859711
0.044182159937918186
0.04418399650603533
0.044184585101902485
0.044185757637023926
0.04419320076704025
0.04419357795268297
0.04420418664813042
0.044209071435034275
0.04422146175056696
0.04422169737517834
0.04422528017312288
0.04423810075968504
0.044247827492654324
0.04425343032926321
0.044257103465497494
0.04425935726612806
0.044264055788517
0.044266766868531704
0.044267102144658566
0.044267705641686916
0.044293456710875034
0.04430240858346224
0.04430781304836273
0.04431113228201866
0.04432104155421257
0.04432903788983822
0.04432938154786825
0.04433292243629694
0.04434609692543745
0.04436012823134661
0.044360958971083164
0.04436734598129988
0.04437246546149254
0.044377535581588745
0.04439814481884241
0.04440426826477051
0.04441044479608536
0.044416023418307304
0.044422524981200695
0.044425864703953266
0.04443373065441847
0.0444338908419013
0.04443656466901302
0.04444156959652901
0.044448720291256905
0.044449582695961
0.04445194639265537
0.044453274458646774
0.044467256404459476
0.04447121359407902
0.04447315726429224
0.04448284674435854
0.04448413010686636
0.044487095437943935
0.044497570022940636
0.04449865501374006
0.04449997656047344
0.04450301732867956
0.044513629749417305
0.044514295645058155
0.04451805166900158
0.04452019650489092
0.044521791860461235
0.04452275298535824
0.04452758003026247
0.04453148227185011
0.044540269300341606
0.04454455617815256
0.04454459436237812
0.04454521927982569
0.0445500947535038
0.04456378147006035
0.04456551279872656
0.04456816427409649
0.044577041640877724
0.04458181280642748
0.04458249360322952
0.044592021964490414
0.04459723550826311
0.044607093557715416
0.0446131294593215
0.04462639056146145
0.04463567025959492
0.044649966061115265
0.04465685039758682
0.04466813895851374
0.044672259129583836
0.04468757379800081
0.04468839708715677
0.044697546400129795
0.04470849223434925
0.04471368994563818
0.04471654072403908
0.044737376272678375
0.0447622686624527
0.0447812220081687
0.04478521831333637
0.04478598479181528
0.04478671494871378
0.044788737781345844
0.044791908003389835
0.04479678627103567
0.04480220563709736
0.04480238910764456
0.04480551090091467
0.044811785221099854
0.04482154734432697
0.044843656942248344
0.04485526122152805
0.04486209154129028
0.044864180497825146
0.04487283993512392
0.04487526323646307
0.044877950102090836
0.04489282984286547
0.04491108376532793
0.0449129706248641
0.04491481278091669
0.04491731338202953
0.044937130995094776
0.04493809584528208
0.04494194034487009
0.044944156892597675
0.04494576621800661
0.0449462216347456
0.044946870766580105
0.04494741000235081
0.04495069943368435
0.04495639819651842
0.04497268795967102
0.044992935843765736
0.04499525111168623
0.044995407573878765
0.044995673932135105
0.0449967784807086
0.044999671168625355
0.04500999115407467
0.045011549256742
0.04501346219331026
0.045022111386060715
0.0450435746461153
0.04504981357604265
0.045051973313093185
0.04507156740874052
0.04507646057754755
0.04507689457386732
0.04507827293127775
0.04509056080132723
0.04509839694947004
0.04510407894849777
0.04510956723242998
0.04511009715497494
0.04511426202952862
0.04512252938002348
0.045123360119760036
0.0451265349984169
0.04512697272002697
0.045128606259822845
0.04514945298433304
0.04516966640949249
0.04517056606709957
0.04517586622387171
0.04517841525375843
0.045182702131569386
0.045190284959971905
0.04519041534513235
0.045192777179181576
0.045215933583676815
0.04521911311894655
0.04522868525236845
0.045247580856084824
0.045248934999108315
0.04525924474000931
0.04526263102889061
0.04526293836534023
0.04529091157019138
0.045292009599506855
0.04529869835823774
0.04531571175903082
0.04532363638281822
0.04532948322594166
0.04533384181559086
0.04533616919070482
0.045338766649365425
0.04534230288118124
0.04535441938787699
0.0453568696975708
0.045362815260887146
0.045363571494817734
0.04536590166389942
0.04536621551960707
0.04536853916943073
0.04538731463253498
0.04539492912590504
0.045400721952319145
0.04540694132447243
0.04541981499642134
0.04544507246464491
0.045445237308740616
0.04545382130891085
0.045457642525434494
0.04546678718179464
0.0454696211963892
0.045483700931072235
0.0454859109595418
0.04548922833055258
0.04549228399991989
0.04549930337816477
0.045510005205869675
0.04551208112388849
0.04552019014954567
0.04552050493657589
0.04553167149424553
0.04553595092147589
0.04553692135959864
0.0455427672713995
0.04554845951497555
0.045563110150396824
0.04556472599506378
0.04556658864021301
0.04557307902723551
0.04558032192289829
0.04558334220200777
0.04558797925710678
0.04558814503252506
0.045598674565553665
0.04560272768139839
0.04560308810323477
0.04560947231948376
0.04561218712478876
0.04561276361346245
0.04562264122068882
0.04562454856932163
0.045633855275809765
0.04563803505152464
0.04564159456640482
0.0456447908654809
0.045652901753783226
0.045653536915779114
0.04565475322306156
0.04566782433539629
0.04567238502204418
0.04567904397845268
0.04568083118647337
0.04569278098642826
0.04570441134274006
0.04570865910500288
0.0457129729911685
0.04571807291358709
0.04572046268731356
0.04572359286248684
0.045726642943918705
0.045728554017841816
0.045736705884337425
0.04573832079768181
0.04573911614716053
0.045739900320768356
0.045740400440990925
0.04575012065470219
0.045758455991744995
0.04575947392731905
0.045765893533825874
0.04577857907861471
0.04579426534473896
0.04579643812030554
0.04579752217978239
0.04579825885593891
0.0458016823977232
0.04580245818942785
0.04580538906157017
0.04580927453935146
0.045812392607331276
0.045821125619113445
0.04583156853914261
0.04583672899752855
0.04583796486258507
0.04584121145308018
0.04584456142038107
0.045863308012485504
0.04586396925151348
0.04586778208613396
0.04587718844413757
0.04587737750262022
0.04589177016168833
0.04589641187340021
0.04589810688048601
0.045901971869170666
0.04590581450611353
0.04590698704123497
0.045911421068012714
0.04591568186879158
0.04593224637210369
0.04593373741954565
0.04593851696699858
0.04593882616609335
0.04594063758850098
0.04595431312918663
0.04595817718654871
0.045960537157952785
0.045966243371367455
0.045978753827512264
0.0459872605279088
0.04598820675164461
0.04598890617489815
0.0459977388381958
0.04599851928651333
0.04600691143423319
0.04601322486996651
0.04603103827685118
0.0460330480709672
0.04604796972125769
0.046066041104495525
0.046087547205388546
0.046097248792648315
0.04609902389347553
0.04610702395439148
0.04610920790582895
0.04611976724117994
0.04612513165920973
0.046151302754879
0.046152420341968536
0.04615413770079613
0.04617247451096773
0.04617512132972479
0.04618216026574373
0.0461890147998929
0.046195232309401035
0.046202896162867546
0.04620520677417517
0.04621484223753214
0.04621487949043512
0.046222896315157413
0.04623704124242067
0.04624951910227537
0.0462631918489933
0.046264221891760826
0.04627122078090906
0.04627395048737526
0.04627882409840822
0.04628440085798502
0.04629374202340841
0.04631287697702646
0.04631867352873087
0.04632328078150749
0.04632450547069311
0.04632612504065037
0.046339984983205795
0.04634092003107071
0.046343459747731686
0.04636489041149616
0.046365500427782536
0.04636701662093401
0.046370940282940865
0.046374486759305
0.046378856524825096
0.04638488218188286
0.04639264848083258
0.04639769624918699
0.04640657547861338
0.046409969218075275
0.04641695600003004
0.04641795624047518
0.04642192739993334
0.04642933886498213
0.0464320182800293
0.04643969517201185
0.04644026327878237
0.046446265652775764
0.04645141772925854
0.04645727854222059
0.0464577367529273
0.046465140767395496
0.04649331420660019
0.04649817477911711
0.04650649521499872
0.04651744570583105
0.04652167670428753
0.046525039710104465
0.04652631934732199
0.04653073661029339
0.04654939845204353
0.04655358660966158
0.04655664321035147
0.04656114615499973
0.04656757041811943
0.046577347442507744
0.046579333022236824
0.04659450426697731
0.04660096298903227
0.04660137835890055
0.04660673625767231
0.046620799228549004
0.04662682581692934
0.04663785919547081
0.0466379364952445
0.046644045040011406
0.04665218573063612
0.04666964244097471
0.04668169468641281
0.04668606445193291
0.046690111979842186
0.04669289756566286
0.04669671878218651
0.04671334382146597
0.046717274002730846
0.046720344573259354
0.04672166332602501
0.04672517068684101
0.046727453358471394
0.04673015791922808
0.046740089543163776
0.04674586281180382
0.04674893710762262
0.04675182048231363
0.046755450777709484
0.04677393659949303
0.046790280379354954
0.04679069574922323
0.046799481846392155
0.0468056034296751
0.04681197553873062
0.04681249987334013
0.0468347417190671
0.046835764311254025
0.0468378234654665
0.046855921857059
0.04687931016087532
0.04688078071922064
0.046905762515962124
0.0469089625403285
0.046909687109291553
0.04691420774906874
0.04693432990461588
0.04694409668445587
0.046947209164500237
0.04696445632725954
0.04696607682853937
0.04697242006659508
0.0469774566590786
0.04697926342487335
0.0469812611117959
0.04698433447629213
0.04699109308421612
0.04699886776506901
0.04701641295105219
0.04702279902994633
0.047028569504618645
0.047035508789122105
0.04703950509428978
0.047043148428201675
0.047076801769435406
0.047114135697484016
0.04712402354925871
0.04712561517953873
0.047125971876084805
0.047136629931628704
0.04713770654052496
0.04714092146605253
0.04714943654835224
0.04715006425976753
0.047192832455039024
0.04719690605998039
0.04720419645309448
0.04721494298428297
0.04721551388502121
0.04722136631608009
0.04723006580024958
0.0472380705177784
0.047240532003343105
0.04725458938628435
0.04726406279951334
0.04726569168269634
0.047274647280573845
0.04727601446211338
0.0472788205370307
0.04730031546205282
0.04730824753642082
0.04730902425944805
0.04731109086424112
0.04731870163232088
0.047319699078798294
0.04733641818165779
0.04733804799616337
0.047341831028461456
0.0473422771319747
0.04735660180449486
0.04736012686043978
0.047365899197757244
0.04736659023910761
0.04740300588309765
0.04740474000573158
0.04740925692021847
0.047415716573596
0.04741652123630047
0.047417919151484966
0.04741858970373869
0.047426728531718254
0.04743781127035618
0.04745528008788824
0.04745707847177982
0.04746561963111162
0.047468122094869614
0.04747064784169197
0.047476742416620255
0.04750438407063484
0.04750875849276781
0.047518711537122726
0.04752118978649378
0.04752581100910902
0.047526112757623196
0.047530824318528175
0.04753159638494253
0.0475477110594511
0.047563894651830196
0.04757494758814573
0.0475812628865242
0.047582490369677544
0.047592771239578724
0.047624330036342144
0.04765074234455824
0.04765726812183857
0.04766909871250391
0.047676052898168564
0.04767815116792917
0.047681733034551144
0.04768563341349363
0.04769406374543905
0.04770652949810028
0.04771139193326235
0.047716851346194744
0.04772315453737974
0.04773108847439289
0.047732023522257805
0.04779943265020847
0.047806390561163425
0.04781970288604498
0.04782319441437721
0.04783144034445286
0.04783171880990267
0.047833229415118694
0.04785902053117752
0.047861398197710514
0.04787356872111559
0.047875803895294666
0.04788606520742178
0.04789821803569794
0.04790875036269426
0.04791636113077402
0.04792034812271595
0.04795292019844055
0.04798394534736872
0.04799026716500521
0.04800830036401749
0.04803763888776302
0.04804451670497656
0.0480486499145627
0.048049443401396275
0.048059226013720036
0.048103668726980686
0.04810446687042713
0.04812551196664572
0.04813241772353649
0.04814898129552603
0.048150019720196724
0.0481523759663105
0.04822115320712328
0.0482607027515769
0.04827857669442892
0.04830200504511595
0.04833898786455393
0.04847613908350468
0.048494093120098114
0.048523517325520515
0.048566581681370735
0.048649235628545284
0.04870146978646517
0.04874144587665796
0.0487434733659029
0.0487649692222476
0.048766015097498894
0.04877425730228424
0.04885692149400711
0.04888421390205622
0.04889973625540733
0.04890588950365782
0.04891261924058199
0.04896093811839819
0.04896233696490526
0.048968217335641384
0.04900647699832916
0.0490139527246356
0.04902728367596865
0.04902783688157797
0.04903629049658775
0.04906600434333086
0.04906612541526556
0.049080990254879
0.04912095237523317
0.04916171822696924
0.04916941188275814
0.0491756247356534
0.049183718860149384
0.04930642992258072
0.04931334313005209
0.049314865842461586
0.04933329578489065
0.04936255142092705
0.04944212920963764
0.04944488778710365
0.04945898428559303
0.04954229202121496
0.04954332206398249
0.04964361432939768
0.04965153243392706
0.0496760169044137
0.04982243571430445
0.04983143787831068
0.04988179262727499
0.049888393841683865
0.049904690124094486
0.04990792274475098
0.04991653934121132
0.049965012818574905
0.04999461118131876
0.050014072097837925
0.050020864233374596
0.050070153549313545
0.05007802415639162
0.05008500628173351
0.05008568987250328
0.05009640473872423
0.050103397108614445
0.05011628661304712
0.05012226291000843
0.050124592147767544
0.05022050999104977
0.050231244415044785
0.050235697999596596
0.05027297418564558
0.05031030438840389
0.05031128693372011
0.05032065324485302
0.05032806657254696
0.05032904911786318
0.05034571886062622
0.0503519419580698
0.05035319924354553
0.05037627648562193
0.05040396749973297
0.05041388142853975
0.05042545776814222
0.05042635649442673
0.05042638164013624
0.05043186154216528
0.050443368032574654
0.05045374948531389
0.05045801866799593
0.050471920520067215
0.05047661066055298
0.05048074573278427
0.050482126884162426
0.050484065897762775
0.05049358960241079
0.05050508864223957
0.05050523113459349
0.050513907335698605
0.05051463469862938
0.05051808338612318
0.050543103367090225
0.0505559928715229
0.050562198273837566
0.05056424904614687
0.05056632589548826
0.05057255271822214
0.05057968478649855
0.05059108883142471
0.05061754584312439
0.05061928555369377
0.05061986576765776
0.05062069930136204
0.050621313974261284
0.050621628761291504
0.05062757898122072
0.05063231475651264
0.05063823517411947
0.050644571892917156
0.05065102130174637
0.05065226089209318
0.05066250078380108
0.05067088641226292
0.050672611221671104
0.050676221027970314
0.05067953374236822
0.05068258102983236
0.05068801064044237
0.050691694021224976
0.05069858394563198
0.05070145893841982
0.05071629676967859
0.050719006918370724
0.05072564072906971
0.05072894971817732
0.05073530972003937
0.05074208602309227
0.05076110642403364
0.050761968828737736
0.0507668424397707
0.05077072232961655
0.05077634006738663
0.0507821599021554
0.050785843282938004
0.05078799556940794
0.050791800022125244
0.050796741619706154
0.05079686362296343
0.05080784671008587
0.050811855122447014
0.050814651884138584
0.050816016271710396
0.05082659516483545
0.05082723591476679
0.05083464737981558
0.050844029523432255
0.0508458586409688
0.050850062631070614
0.05085291899740696
0.05086174514144659
0.05086593795567751
0.050869851373136044
0.050884898751974106
0.0509088933467865
0.05090939812362194
0.05091007426381111
0.050917210057377815
0.050922002643346786
0.0509372828528285
0.05094122141599655
0.05094661936163902
0.050954791717231274
0.050956256687641144
0.05098236631602049
0.05098335258662701
0.05098878312855959
0.05099253635853529
0.05100347101688385
0.05100429896265268
0.05100549850612879
0.05101350974291563
0.05102485790848732
0.051049104891717434
0.05105850473046303
0.051068137399852276
0.051070268265902996
0.05107043590396643
0.05107975844293833
0.05108713451772928
0.05109227169305086
0.05111153982579708
0.05111436918377876
0.05114498268812895
0.05115554295480251
0.0511586545035243
0.051158780232071877
0.051168314181268215
0.05118922982364893
0.05119097512215376
0.05119745805859566
0.05120789539068937
0.05123332142829895
0.051233451813459396
0.05128198768943548
0.051290798000991344
0.05131346546113491
0.05131454858928919
0.051324804313480854
0.05132855474948883
0.05133251938968897
0.051340109668672085
0.05137275438755751
0.05140769015997648
0.05141520220786333
0.05141657590866089
0.051428898237645626
0.0514505160972476
0.051467228680849075
0.05148983374238014
0.051496793515980244
0.05150382313877344
0.051504844799637794
0.05152925383299589
0.051532311365008354
0.051544743590056896
0.05155328847467899
0.05157405696809292
0.05158120300620794
0.05159125477075577
0.05159598961472511
0.051599145866930485
0.051607140339910984
0.05161311011761427
0.051613216288387775
0.051645723171532154
0.05165098235011101
0.051680825650691986
0.0516977421939373
0.0517245139926672
0.05172566883265972
0.05173111706972122
0.05174407362937927
0.051776823587715626
0.05178411304950714
0.05189017206430435
0.05189513135701418
0.05190552398562431
0.051930743269622326
0.0519319511950016
0.05200796574354172
0.05202358588576317
0.05206331517547369
0.0521217891946435
0.05212857108563185
0.052195566706359386
0.052227914333343506
0.052246761508286
0.05225403048098087
0.05226203054189682
0.05227103643119335
0.05231067165732384
0.0524000134319067
0.052422198466956615
0.052453525364398956
0.05248092580586672
0.052482299506664276
0.05250956676900387
0.05266536306589842
0.052674418315291405
0.052702088840305805
0.05274359602481127
0.052757298573851585
0.05275872256606817
0.052762472070753574
0.05280004348605871
0.05284474603831768
0.05284541007131338
0.05288135912269354
0.052902888506650925
0.052912057377398014
0.0529178362339735
0.052939157001674175
0.05298409704118967
0.05302110034972429
0.05305409524589777
0.05311420653015375
0.05316746048629284
0.05317286308854818
0.05326583981513977
0.053298755548894405
0.053314353339374065
0.0533572593703866
0.05352377891540527
0.05353459622710943
0.053699273616075516
0.05378572829067707
0.05403789132833481
0.054052759893238544
0.05419136490672827
0.05430412571877241
0.05436451267451048
0.05439064186066389
0.05439066048711538
0.054464370012283325
0.05448566749691963
0.05461007822304964
0.05462292768061161
0.05469967611134052
0.05482781771570444
0.05485157482326031
0.05491772573441267
0.05494974460452795
0.0549547728151083
0.055082473903894424
0.055146029219031334
0.055196925066411495
0.05520952492952347
0.05526988115161657
0.055410378612577915
0.055445258505642414
0.05546586774289608
0.05567716807126999
0.05572077911347151
0.05574391782283783
0.055873394943773746
0.055882152169942856
0.056079755537211895
0.05703528877347708
0.05733462981879711
0.05787778552621603
0.05799380037933588
0.05811592657119036
0.058221020735800266
0.05851317383348942
0.05863494612276554
0.058677343651652336
0.05877349618822336
0.05891524534672499
0.05909384321421385
0.059110901318490505
0.05911895353347063
0.05919558368623257
0.059237475506961346
0.0593096986413002
0.05940872337669134
0.05945823434740305
0.05955882463604212
0.05963628459721804
0.059639640152454376
0.05970743019133806
0.059768835082650185
0.05978591460734606
0.060407089069485664
0.06044369097799063
0.060525854118168354
0.06053195707499981
0.06056515593081713
0.0605858163908124
0.06082890648394823
0.06100874487310648
0.06133938115090132
0.061884067952632904
0.062128701247274876
0.0624255770817399
0.06257257238030434
0.06270280200988054
0.0628344314172864
0.06298117153346539
0.06372150219976902
0.06381961144506931
0.06397964898496866
0.06496862601488829
0.06523198168724775
0.06569029856473207
0.06673485320061445
0.06724222283810377
0.06728276330977678
0.06730320304632187
0.06738561112433672
0.06762128043919802
0.06762266717851162
0.06822108663618565
0.06831856910139322
0.06840184424072504
0.06845446582883596
0.0689266761764884
0.06972761265933514
0.06979335378855467
0.06987647339701653
0.06992324721068144
0.0700332298874855
0.07057790365070105
0.070737618021667
0.07193388510495424
0.07213184982538223
0.07299452554434538
0.07380401622503996
0.0742129934951663
0.07469950430095196
0.07526631280779839
0.07583694998174906
0.07691951747983694
0.07772229984402657
0.07929125800728798
0.08049574121832848
0.08148690219968557
0.08199986163526773
0.08369440957903862
0.08453348558396101
0.08516149502247572
0.08610821329057217
0.087300063110888
0.08874120190739632
0.09280032105743885
0.09343635942786932
0.09617600310593843
0.09644734766334295
0.09896769747138023
0.10012065432965755
0.1011467082425952
0.10407886188477278
0.10432965029031038
0.1048057358711958
0.10714158229529858
0.1083150040358305
0.10901662148535252
0.10945248510688543
0.11005653906613588
0.11090730223804712
0.11183568648993969
0.1120879603549838
0.11267754435539246
0.11293850094079971
0.11983041651546955
0.12020231783390045
0.12056097853928804
0.12365080323070288
0.12475827801972628
0.12689671386033297
0.12777752801775932
0.12782600708305836
0.12900445703417063
0.133436543866992
0.1347083142027259
0.13500269781798124
0.13693073950707912
0.13764117937535048
0.14067802112549543
0.14198375307023525
0.1431844076141715
0.14328679628670216
0.14400789886713028
0.14439598470926285
0.14956270903348923
0.15081745386123657
0.15163736138492823
0.1517038680613041
0.15492537710815668
0.15737577807158232
0.15826031286269426
0.15925839729607105
0.15986374113708735
0.16443309653550386
0.1646109102293849
0.16502725332975388
0.16659929137676954
0.16772140935063362
0.17067342344671488
0.17207627277821302
0.1726361270993948
0.17337893694639206
0.17484856210649014
0.17590021062642336
0.17759698443114758
0.17901567462831736
0.17998447734862566
0.1812349772080779
0.18198049999773502
0.18254789896309376
0.18368761707097292
0.18488779664039612
0.18670863285660744
0.1871770527213812
0.18892220221459866
0.19133488647639751
0.19274668488651514
0.19339993316680193
0.1991235613822937
0.200294173322618
0.20157778728753328
0.20692323334515095
0.20693260431289673
0.20844042114913464
0.20921496860682964
0.21287631150335073
0.21601783949881792
0.21674027480185032
0.2190238991752267
0.22070468310266733
0.22294089663773775
0.2241500010713935
0.22526742424815893
0.23099060636013746
0.2369461189955473
0.24162224307656288
0.24410637561231852
0.2493195626884699
0.2510389192029834
0.2576539721339941
0.2580632995814085
0.2653737375512719
0.2715636817738414
0.2735818764194846
0.2784059327095747
0.2798150638118386
0.28164299204945564
0.2821405231952667
0.2830237867310643
0.28638318832963705
0.28740353137254715
0.28817943576723337
0.29284247756004333
0.29385078325867653
0.29552938789129257
0.2983774170279503
0.3003247994929552
0.3037709053605795
0.3058653958141804
0.3062566155567765
0.3120299456641078
0.3132317550480366
0.3139418223872781
0.31603076681494713
0.3168794885277748
0.3190887086093426
0.3204107955098152
0.3235581135377288
0.3238738914951682
0.3270880067721009
0.3304435918107629
0.33069396670907736
0.3330205148085952
0.3343718685209751
0.33557600248605013
0.33642712142318487
0.3365408889949322
0.33689942955970764
0.3372003873810172
0.3373014545068145
0.33751637768000364
0.3375205025076866
0.3390650935471058
0.34408162627369165
0.34529971703886986
0.34769584331661463
0.35098174028098583
0.3524788711220026
0.35423383489251137
0.35975570511072874
0.36137498542666435
0.36429563164711
0.36784557346254587
0.36977531760931015
0.3709355304017663
0.37738729640841484
0.37873003724962473
0.3841253789141774
0.38662897143512964
0.3868597447872162
0.38812575303018093
0.3941411403939128
0.3947339653968811
0.39547105599194765
0.3961481722071767
0.3967698710039258
0.3979325434193015
0.399810959585011
0.4012099616229534
0.40178404562175274
0.40182001516222954
0.40206584613770247
0.4039287902414799
0.40439906157553196
0.4058265993371606
0.40683875512331724
0.4091560076922178
0.4100735429674387
0.41161550860852003
0.41179776936769485
0.41256135795265436
0.41428620275110006
0.41675677709281445
0.4175760904327035
0.4183782795444131
0.419736472889781
0.4201404433697462
0.42049271892756224
0.4216475132852793
0.423183960840106
0.4248295007273555
0.4249898698180914
0.4260411746799946
0.4263823861256242
0.42674064822494984
0.4276621351018548
0.4279518174007535
0.42886888328939676
0.42962732166051865
0.43031082302331924
0.43296501226723194
0.434553449973464
0.43467185087502
0.4352981634438038
0.4362530745565891
0.43727769516408443
0.4372796742245555
0.44183349609375
0.4420217415317893
0.4420698843896389
0.44304824247956276
0.44424243830144405
0.445355424657464
0.44811044819653034
0.44992030411958694
0.45098912063986063
0.45150431245565414
0.45256313867866993
0.45690952707082033
0.45691426564008
0.45786910131573677
0.4644802063703537
0.46527728997170925
0.46932064462453127
0.4728161357343197
0.47376004606485367
