0.04219950269907713
0.04221976175904274
0.042234666645526886
0.042319887317717075
0.04251646064221859
0.042567986994981766
0.04262282606214285
0.042628658935427666
0.04273439757525921
0.04273821692913771
0.04275980684906244
0.04278382658958435
0.042804695665836334
0.042838661931455135
0.04291888698935509
0.04294773656874895
0.042959059588611126
0.042965980246663094
0.042999266646802425
0.04300851561129093
0.04305798560380936
0.04312547668814659
0.043134311214089394
0.04314575996249914
0.04316106252372265
0.04318221006542444
0.04321811813861132
0.04321946296840906
0.04324581287801266
0.04325046204030514
0.04328505787998438
0.04332052543759346
0.043331931345164776
0.04342448525130749
0.0434245727956295
0.0434298450127244
0.04349287319928408
0.04350138455629349
0.04354462120682001
0.04354695975780487
0.043557850643992424
0.04355937801301479
0.043571353890001774
0.04359780065715313
0.0436366330832243
0.04363898281008005
0.043652649968862534
0.04366953205317259
0.04367490205913782
0.04367970861494541
0.04368531797081232
0.0436853701248765
0.04368846211582422
0.04369496926665306
0.04369735345244408
0.043698967434465885
0.043701677583158016
0.04374176822602749
0.04376454930752516
0.04378129541873932
0.04380457662045956
0.04384709242731333
0.04384766239672899
0.04386092722415924
0.04386534169316292
0.04387965798377991
0.04388312250375748
0.043894682079553604
0.043907118029892445
0.043912104330956936
0.04394184984266758
0.04394365847110748
0.04394749645143747
0.04395992495119572
0.04397820960730314
0.04398690536618233
0.04400856141000986
0.04402012377977371
0.04404215328395367
0.04404475446790457
0.04405778832733631
0.04406288918107748
0.044064425863325596
0.04406452551484108
0.044089135713875294
0.04409642145037651
0.04409912787377834
0.04410538636147976
0.04410605598241091
0.04411285277456045
0.04411357082426548
0.044133471325039864
0.04413674399256706
0.044157651253044605
0.04416491650044918
0.044172861613333225
0.0441857548430562
0.04419630579650402
0.04420042224228382
0.044201526790857315
0.044205897487699986
0.04420636314898729
0.0442131832242012
0.044213215820491314
0.04422336909919977
0.044224816374480724
0.04424075968563557
0.04424220975488424
0.044249504804611206
0.044258459471166134
0.04426965583115816
0.04428205545991659
0.044282649643719196
0.04428965784609318
0.044292788952589035
0.044294945895671844
0.04429695941507816
0.04431065544486046
0.04431877098977566
0.044322457164525986
0.04433881212025881
0.04434378445148468
0.04436143767088652
0.04437045566737652
0.04437072668224573
0.044386629946529865
0.044413977302610874
0.04442725330591202
0.04443227592855692
0.04443364776670933
0.044443126767873764
0.04444662947207689
0.04445306304842234
0.04445322696119547
0.04447537939995527
0.044487676583230495
0.044487789273262024
0.044493588618934155
0.044506932608783245
0.04450850747525692
0.04450943227857351
0.04452705476433039
0.04454842582345009
0.04456145968288183
0.04456504434347153
0.04457077383995056
0.044573090970516205
0.04457872174680233
0.04461013991385698
0.04461623076349497
0.044629789888858795
0.04463072307407856
0.04463464953005314
0.044637915678322315
0.044642725959420204
0.04467572830617428
0.04470448661595583
0.044706729240715504
0.044721624813973904
0.04472464509308338
0.044731538742780685
0.0447486350312829
0.0447504511103034
0.044763410463929176
0.0447810310870409
0.04479970131069422
0.044819572009146214
0.044838870875537395
0.04484432935714722
0.044849407859146595
0.044860233552753925
0.0448634997010231
0.04487347602844238
0.04488682374358177
0.044911619275808334
0.04492838215082884
0.044928837567567825
0.0449458472430706
0.044956838712096214
0.04496240243315697
0.04496515914797783
0.044967484660446644
0.04497792199254036
0.0449840547516942
0.045025008730590343
0.04502777382731438
0.04502919688820839
0.045059602707624435
0.04510807245969772
0.04511778522282839
0.045119183138012886
0.045129732228815556
0.04514139145612717
0.04514844622462988
0.04515298269689083
0.045156790874898434
0.04515683464705944
0.04516367428004742
0.04517013765871525
0.04517214931547642
0.045199799351394176
0.04520827904343605
0.04521463066339493
0.04521786794066429
0.045224628411233425
0.04522664751857519
0.04522913135588169
0.04523901641368866
0.0452463673427701
0.04524915851652622
0.04524971544742584
0.045260004699230194
0.04526150971651077
0.04527546279132366
0.045280493795871735
0.04528375808149576
0.04529917985200882
0.04530121199786663
0.04530228581279516
0.0453073987737298
0.045312792994081974
0.045314338989555836
0.04531882517039776
0.045320688746869564
0.045322803780436516
0.04532400146126747
0.04532409645617008
0.04533332120627165
0.04533462971448898
0.045359053649008274
0.04536253772675991
0.04536881111562252
0.04537104442715645
0.04538357071578503
0.04538444243371487
0.04540417529642582
0.04541852418333292
0.045426688157022
0.04544728808104992
0.04545302130281925
0.04546369519084692
0.04546764213591814
0.04548459779471159
0.04548795614391565
0.045496475882828236
0.04549707844853401
0.04549875669181347
0.045499430038034916
0.04550105333328247
0.04550200700759888
0.04550442285835743
0.04550545010715723
0.04550553672015667
0.04551043827086687
0.04551986977458
0.04552674666047096
0.045529293827712536
0.0455328980460763
0.04553606268018484
0.04553845338523388
0.04554373491555452
0.045546979643404484
0.04554944206029177
0.045550983399152756
0.04555115848779678
0.04556135926395655
0.04556195717304945
0.045563846826553345
0.04556488525122404
0.045566522516310215
0.0455761244520545
0.045584095641970634
0.04559503775089979
0.045597879216074944
0.04560008458793163
0.04560812748968601
0.045610906556248665
0.04561727214604616
0.04562815837562084
0.0456281928345561
0.045629194006323814
0.045629614032804966
0.0456447908654809
0.045646936632692814
0.045649305917322636
0.04565432481467724
0.04565554019063711
0.04565580002963543
0.045661596581339836
0.045662591233849525
0.04566897079348564
0.04567069746553898
0.04567103087902069
0.04567162040621042
0.04567339736968279
0.045674010179936886
0.045680015347898006
0.04568010754883289
0.0456903800368309
0.0456948122009635
0.045700629241764545
0.04570518247783184
0.04571480583399534
0.045716253109276295
0.04571772925555706
0.045724582858383656
0.04572631698101759
0.04573039244860411
0.04573375731706619
0.04573775362223387
0.045739494264125824
0.04574265144765377
0.04575118888169527
0.04575137700885534
0.04575708042830229
0.04576132632791996
0.04576229676604271
0.04576965980231762
0.04577404633164406
0.045775662176311016
0.04578989651054144
0.04579088184982538
0.04580422583967447
0.04581286758184433
0.04582003317773342
0.04582253471016884
0.04582649003714323
0.045831454917788506
0.04583654459565878
0.04583762679249048
0.045851887203752995
0.04585256613790989
0.04585416801273823
0.045855240896344185
0.04585634358227253
0.04585845395922661
0.04586090240627527
0.04586225654929876
0.0458688847720623
0.045870549976825714
0.04587112832814455
0.04588310234248638
0.045900450088083744
0.04590530041605234
0.04590615723282099
0.04590715188533068
0.04590910393744707
0.04591036308556795
0.04591879900544882
0.04591913986951113
0.04592950455844402
0.04593482334166765
0.04594005271792412
0.04594097938388586
0.04594264551997185
0.0459433738142252
0.045944372192025185
0.0459456592798233
0.045949106104671955
0.04595611244440079
0.04595662280917168
0.045959459617733955
0.04596354905515909
0.04596367012709379
0.04596446268260479
0.04596859309822321
0.04597546625882387
0.04597670305520296
0.045980216935276985
0.04598243907094002
0.04598246142268181
0.04599564149975777
0.04599867947399616
0.04601947125047445
0.04602052550762892
0.04602215904742479
0.04602926783263683
0.04603010509163141
0.04603014700114727
0.0460308063775301
0.0460340678691864
0.04603578895330429
0.046039978973567486
0.04604469705373049
0.04605264123529196
0.04605414066463709
0.04605487361550331
0.046056837774813175
0.04605709761381149
0.04606579802930355
0.0460679866373539
0.046068619936704636
0.04607182275503874
0.04607424233108759
0.04607819952070713
0.04607838299125433
0.04608248267322779
0.04608386568725109
0.04608964268118143
0.046090840362012386
0.046097143553197384
0.0461015859618783
0.04610261041671038
0.0461050420999527
0.04610658064484596
0.046106803230941296
0.046108259819447994
0.04611602518707514
0.04611639026552439
0.04611783009022474
0.04612488392740488
0.04613454174250364
0.04613665584474802
0.04613807052373886
0.04614298325031996
0.04614336881786585
0.04615620709955692
0.04615703970193863
0.0461602620780468
0.046165985986590385
0.04617037158459425
0.04617781937122345
0.04617795906960964
0.0461805397644639
0.0461815744638443
0.04618158098310232
0.04618844296783209
0.0461921663954854
0.046193795278668404
0.04619625210762024
0.046196578070521355
0.04619896784424782
0.04619936551898718
0.04620003513991833
0.04620257206261158
0.046203101985156536
0.04620391596108675
0.046205347403883934
0.04620741866528988
0.046209326945245266
0.04621130786836147
0.04621185455471277
0.04621439892798662
0.0462157279253006
0.046216702088713646
0.046221851371228695
0.0462219612672925
0.046225082129240036
0.046226540580391884
0.04622804559767246
0.04622886702418327
0.0462307371199131
0.04623117204755545
0.04623186122626066
0.04623390734195709
0.0462344903498888
0.04623768478631973
0.046240937896072865
0.04624285735189915
0.046242921613156796
0.04624312464147806
0.04625299293547869
0.046259199269115925
0.04625928960740566
0.04625941440463066
0.046259610913693905
0.04626119788736105
0.04626122210174799
0.04626193642616272
0.04626578465104103
0.046271342784166336
0.04627293162047863
0.046274248510599136
0.04627460893243551
0.04627866391092539
0.04628127347677946
0.04628161806613207
0.046282075345516205
0.04628363065421581
0.04628768842667341
0.046288540586829185
0.04629035387188196
0.04629215970635414
0.0462934672832489
0.046295518055558205
0.04629775229841471
0.046300907619297504
0.046304309740662575
0.04630560986697674
0.04630760196596384
0.04630942642688751
0.04631568677723408
0.04631764255464077
0.04631998296827078
0.04632464982569218
0.046325281262397766
0.04632552992552519
0.046327779069542885
0.046329183503985405
0.04633057210594416
0.04633697308599949
0.046344541013240814
0.04634861182421446
0.046349382027983665
0.04635149333626032
0.0463523231446743
0.04635399952530861
0.04635562468320131
0.046361666172742844
0.04636185150593519
0.04636253137141466
0.046366972848773
0.04636717587709427
0.04636717867106199
0.046367806382477283
0.04636919219046831
0.0463698823004961
0.04637256916612387
0.046374489553272724
0.046378315426409245
0.04638806637376547
0.04638919606804848
0.046393292024731636
0.04640044458210468
0.04640207067131996
0.04640816245228052
0.046410600654780865
0.046411278657615185
0.046411304734647274
0.046419951133430004
0.046422635205090046
0.04642346780747175
0.046423718333244324
0.04642494209110737
0.04643849842250347
0.04644002206623554
0.04644004814326763
0.04644469451159239
0.04644637554883957
0.04644851014018059
0.04645613860338926
0.04645621404051781
0.04645855072885752
0.0464656837284565
0.04646791145205498
0.04646856710314751
0.0464714951813221
0.046475088223814964
0.04647597949951887
0.046479064039886
0.04648149758577347
0.04648812394589186
0.04648872744292021
0.04649110324680805
0.04649423714727163
0.04649598337709904
0.046497249975800514
0.04650150611996651
0.04650440998375416
0.046508011408150196
0.04650895111262798
0.046510674990713596
0.0465107299387455
0.04651423916220665
0.04651449993252754
0.04652400407940149
0.04652813728898764
0.04653084650635719
0.046534596011042595
0.04653937090188265
0.04653943236917257
0.04654089268296957
0.04654318746179342
0.046544439159333706
0.046546364203095436
0.04654689412564039
0.04655452258884907
0.046556903049349785
0.04655698873102665
0.046558890491724014
0.04656552616506815
0.04656641557812691
0.046566653065383434
0.04656821582466364
0.04657203797250986
0.04657516162842512
0.04657648876309395
0.04658273980021477
0.046584212221205235
0.04658439848572016
0.046587105840444565
0.04658753052353859
0.04658884461969137
0.046589432284235954
0.04659068863838911
0.046592277474701405
0.04659781884402037
0.046601670794188976
0.046606034971773624
0.04660707525908947
0.0466072503477335
0.046614160761237144
0.04661521501839161
0.04661678895354271
0.04662070516496897
0.04662257805466652
0.04662460461258888
0.04662657529115677
0.046629760414361954
0.046634770929813385
0.04663839563727379
0.046640002168715
0.046641173772513866
0.04664146527647972
0.04664264898747206
0.0466435169801116
0.04664623737335205
0.04664642456918955
0.04665058758109808
0.04665303789079189
0.0466550812125206
0.046659004874527454
0.04665996693074703
0.04666245076805353
0.04666485358029604
0.04666633531451225
0.0466702850535512
0.0466706408187747
0.04667158145457506
0.046671897172927856
0.04667456727474928
0.04668068513274193
0.04668370261788368
0.046689387410879135
0.046689570881426334
0.04669451620429754
0.046694664284586906
0.04669543821364641
0.046697462908923626
0.0467013381421566
0.046718111261725426
0.046728682704269886
0.04672925639897585
0.046730111353099346
0.04673012997955084
0.04673070181161165
0.046731666661798954
0.04673418216407299
0.046737030148506165
0.0467403894290328
0.04674039036035538
0.0467405691742897
0.04674186371266842
0.04674939904361963
0.046749455854296684
0.04675167240202427
0.04675303027033806
0.04675500001758337
0.046756758354604244
0.04675863031297922
0.04675863869488239
0.04676116909831762
0.04676268994808197
0.04676282871514559
0.046764918603003025
0.04676517937332392
0.04676854703575373
0.04677280317991972
0.046774473041296005
0.04677453264594078
0.046774834394454956
0.04677638318389654
0.04677688982337713
0.046776953153312206
0.04677966237068176
0.04678044840693474
0.04678069893270731
0.04678278882056475
0.04678328242152929
0.04678371921181679
0.046795145608484745
0.04679713770747185
0.04679731745272875
0.04679884295910597
0.0468065794557333
0.04681127518415451
0.046812484972178936
0.04681316204369068
0.04681493155658245
0.04681616276502609
0.04681632108986378
0.046816607005894184
0.04681772831827402
0.04681960213929415
0.04682138282805681
0.04682390857487917
0.04682464897632599
0.04683024901896715
0.04683355242013931
0.0468341913074255
0.046835812740027905
0.04683748818933964
0.04683764558285475
0.04684136342257261
0.04684197064489126
0.046845865435898304
0.04685147479176521
0.04685355443507433
0.04685699939727783
0.046857510693371296
0.04686205834150314
0.04686369653791189
0.04686390329152346
0.04686433169990778
0.04686466045677662
0.046864697709679604
0.046864976175129414
0.04686499759554863
0.04686923697590828
0.04687109403312206
0.046873451210558414
0.04687506519258022
0.04687701445072889
0.04688010737299919
0.04688097722828388
0.04688186198472977
0.04688727576285601
0.046887634322047234
0.04689144901931286
0.046892344020307064
0.04689713008701801
0.04690067749470472
0.04690399952232838
0.046905070543289185
0.04690685961395502
0.04690828267484903
0.046908422373235226
0.046908823773264885
0.046908844262361526
0.04691109620034695
0.046912417747080326
0.04691479168832302
0.046919507905840874
0.04692215844988823
0.046922638081014156
0.0469228345900774
0.046925950795412064
0.04692597780376673
0.046926467679440975
0.04692998714745045
0.046937495470047
0.046938423067331314
0.04693940468132496
0.04694196395576
0.04694225545972586
0.04694299679249525
0.04694355931133032
0.04694370087236166
0.04694400168955326
0.0469463262706995
0.046947577968239784
0.04695556964725256
0.04695763532072306
0.0469618933275342
0.04696874879300594
0.04697221051901579
0.0469732778146863
0.0469751488417387
0.04697754979133606
0.04697807226330042
0.04697863291949034
0.046980543062090874
0.046982135623693466
0.04698370583355427
0.04698988702148199
0.0469900518655777
0.04699039924889803
0.04699320811778307
0.04699530638754368
0.04699626564979553
0.04699854925274849
0.04700158350169659
0.047002363950014114
0.04700353369116783
0.047009182162582874
0.04701171908527613
0.04701473284512758
0.047017328441143036
0.04702081251889467
0.04702494479715824
0.04702622629702091
0.047026460990309715
0.04703445453196764
0.04703477304428816
0.047035480849444866
0.047035506926476955
0.04703930113464594
0.04704677499830723
0.04704929795116186
0.04705022368580103
0.04705045931041241
0.0470509547740221
0.047054050490260124
0.04705418832600117
0.04705582279711962
0.04705806169658899
0.04706022422760725
0.0470659825950861
0.04706768412142992
0.04706838820129633
0.04707008972764015
0.04707119055092335
0.04707236122339964
0.0470734816044569
0.04707395099103451
0.04707776103168726
0.047077808529138565
0.04707886092364788
0.04708024766296148
0.04708116315305233
0.04708342719823122
0.04708392359316349
0.04708592686802149
0.04708598740398884
0.047087134793400764
0.04709416814148426
0.0470952307805419
0.04709794744849205
0.04709900729358196
0.04709906503558159
0.047100153751671314
0.047100878320634365
0.04710259102284908
0.04710260313004255
0.04710336960852146
0.04710339568555355
0.047105043195188046
0.047106984071433544
0.04710705950856209
0.04710716661065817
0.04710735660046339
0.047108457423746586
0.047112276777625084
0.047112276777625084
0.04711403790861368
0.04711445886641741
0.04711452033370733
0.0471156844869256
0.047116320580244064
0.047117022797465324
0.04712152946740389
0.04712231829762459
0.0471236240118742
0.0471242917701602
0.04712832998484373
0.04712843708693981
0.04712881986051798
0.04712965991348028
0.04713138286024332
0.04713247995823622
0.047133276239037514
0.047133306972682476
0.04713343270123005
0.047134168446063995
0.04713648185133934
0.047140306793153286
0.04714293032884598
0.04714564327150583
0.047145817428827286
0.04714604374021292
0.047146644443273544
0.04714672081172466
0.04714787006378174
0.04714843537658453
0.047149994410574436
0.04715033061802387
0.047151122242212296
0.047151180915534496
0.047154332511126995
0.04715441260486841
0.04715509060770273
0.0471564382314682
0.04715709574520588
0.04716124664992094
0.04716275632381439
0.04716315679252148
0.04716439638286829
0.047169349156320095
0.04717149678617716
0.04717219900339842
0.047172858379781246
0.047174813225865364
0.047175439074635506
0.047176224179565907
0.047176883555948734
0.047178810462355614
0.04717930033802986
0.04717933293431997
0.04718548711389303
0.04718569293618202
0.047186885960400105
0.047187793999910355
0.04718817211687565
0.04719000309705734
0.04719021264463663
0.04719074256718159
0.04719109181314707
0.0471912557259202
0.04719240218400955
0.04719291441142559
0.04719359241425991
0.047193603590130806
0.04719387087970972
0.04719428438693285
0.047194878570735455
0.04719933494925499
0.04719943925738335
0.047199567779898643
0.04720004927366972
0.04720042925328016
0.047200788743793964
0.04720595572143793
0.04720977321267128
0.04721132852137089
0.04721186310052872
0.04721411410719156
0.04721488244831562
0.047215246595442295
0.04721592552959919
0.04721597861498594
0.04721600562334061
0.04721628129482269
0.04721959214657545
0.047220636159181595
0.047225761227309704
0.04722978174686432
0.04723141621798277
0.047231508418917656
0.04723233636468649
0.047234002500772476
0.04723502602428198
0.04723505675792694
0.047235521487891674
0.047237787395715714
0.047240144573152065
0.04724055901169777
0.04724322538822889
0.047246708534657955
0.0472476314753294
0.04725049063563347
0.047252291813492775
0.04725360218435526
0.04725564178079367
0.04725625179708004
0.047256821766495705
0.047262173146009445
0.0472648935392499
0.04726546257734299
0.04726726561784744
0.04727026168256998
0.04727056808769703
0.0472725685685873
0.04727447126060724
0.04727465100586414
0.04727595113217831
0.04727654438465834
0.047276824712753296
0.04727787058800459
0.04727923311293125
0.04728046618402004
0.04728136025369167
0.04728307016193867
0.04728343337774277
0.04728360194712877
0.04728435445576906
0.04728637170046568
0.04728646203875542
0.047288110479712486
0.04728832934051752
0.04728972725570202
0.04729010537266731
0.04729173332452774
0.04729253798723221
0.04729389399290085
0.047294020652770996
0.04729577526450157
0.04730760678648949
0.04730866942554712
0.047309279441833496
0.04730931110680103
0.047309475019574165
0.04731620382517576
0.047316864132881165
0.04732527956366539
0.04732636362314224
0.04732683766633272
0.047327496111392975
0.047329084016382694
0.047330910339951515
0.04733124561607838
0.047332135029137135
0.047332243993878365
0.04733309056609869
0.0473331306129694
0.04733323957771063
0.04733365401625633
0.047337363474071026
0.04733776114881039
0.04733798000961542
0.047341350466012955
0.047341483645141125
0.04734177701175213
0.04734360985457897
0.0473446985706687
0.04734500963240862
0.04734534677118063
0.04734564200043678
0.04734678193926811
0.04734855983406305
0.04735041595995426
0.04735294729471207
0.047354284673929214
0.04735496640205383
0.04735539294779301
0.0473563140258193
0.04735633451491594
0.047356593422591686
0.047359623946249485
0.04736162815243006
0.047362249344587326
0.04736511968076229
0.04736743215471506
0.04736747592687607
0.04737181682139635
0.04737247992306948
0.04737316630780697
0.047376303002238274
0.04737667553126812
0.047377608716487885
0.04737859591841698
0.04737907648086548
0.047380088828504086
0.047381515614688396
0.04738526698201895
0.04738552216440439
0.04738697875291109
0.04739293921738863
0.047394136898219585
0.047396136447787285
0.047397421672940254
0.04739752318710089
0.047397944144904613
0.04740258026868105
0.04741218499839306
0.047412279061973095
0.04741456639021635
0.04741473216563463
0.04741729889065027
0.047420975752174854
0.0474217114970088
0.04742287192493677
0.04742651246488094
0.04742687847465277
0.047428471967577934
0.04743037838488817
0.047430532053112984
0.047430834732949734
0.04743091110140085
0.0474311588332057
0.047431182116270065
0.047433692030608654
0.04743755515664816
0.047437759116292
0.04743852373212576
0.047438809648156166
0.047439105808734894
0.04744098614901304
0.04744155239313841
0.04744461551308632
0.04744572192430496
0.04744748957455158
0.04744805861264467
0.04744877479970455
0.047451313585042953
0.047452148981392384
0.04745308496057987
0.04745457135140896
0.04745776019990444
0.04745903145521879
0.047459566965699196
0.047459814697504044
0.04746201541274786
0.04746221657842398
0.047463889233767986
0.04746423102915287
0.0474668862298131
0.04746832512319088
0.04747229069471359
0.047473348677158356
0.04747528396546841
0.04747649468481541
0.04748193919658661
0.04748258739709854
0.04748311173170805
0.047489638440310955
0.04749025497585535
0.047490804456174374
0.0474913539364934
0.04749444033950567
0.04749445058405399
0.047498117201030254
0.047503246925771236
0.047504897229373455
0.047505030408501625
0.04750555381178856
0.04750662390142679
0.047507391311228275
0.04750754404813051
0.04750825557857752
0.04750840086489916
0.04750954266637564
0.047509659081697464
0.0475102374330163
0.04751178529113531
0.04751200880855322
0.04751685168594122
0.04751711804419756
0.04752061702311039
0.04752105660736561
0.04752124659717083
0.04752149432897568
0.04752229992300272
0.047522397711873055
0.04752575047314167
0.047526611015200615
0.04752682615071535
0.047527176328003407
0.04752720333635807
0.04752807319164276
0.04752994980663061
0.04753251280635595
0.04753551073372364
0.04753601271659136
0.047536566853523254
0.047536871396005154
0.047540140338242054
0.04754017852246761
0.04754059296101332
0.04754258692264557
0.04754950292408466
0.047553474083542824
0.0475557055324316
0.04755899216979742
0.04756017588078976
0.04756070952862501
0.04756359290331602
0.04756501596421003
0.047567758709192276
0.04756979737430811
0.04757114686071873
0.04757163021713495
0.047571842558681965
0.04757284838706255
0.04757427331060171
0.04758031293749809
0.047582171857357025
0.04758238419890404
0.047583265230059624
0.04758388735353947
0.047585452906787395
0.04758617281913757
0.04758774023503065
0.047588564455509186
0.04758874420076609
0.0475918548181653
0.04759190324693918
0.047593711875379086
0.04759378544986248
0.04759424552321434
0.04759717546403408
0.047598741948604584
0.047600013203918934
0.04760021064430475
0.04760108049958944
0.04760162252932787
0.04760202579200268
0.04760284349322319
0.047603108920156956
0.04760604910552502
0.047615752555429935
0.04761679843068123
0.047619069926440716
0.04762088879942894
0.04762141965329647
0.047622582875192165
0.04762417171150446
0.04762527346611023
0.04762556217610836
0.04762584902346134
0.047627282328903675
0.047628048807382584
0.047628253698349
0.047630542889237404
0.04763244930654764
0.04763326607644558
0.047635121271014214
0.04763621184974909
0.04763721767812967
0.0476382952183485
0.047638618387281895
0.04763937182724476
0.04764002840965986
0.04764222074300051
0.04764625523239374
0.04764710459858179
0.04764941334724426
0.04764970950782299
0.04764992278069258
0.0476505383849144
0.047651609405875206
0.047652642242610455
0.047653257846832275
0.04765433445572853
0.047654506750404835
0.04765492491424084
0.04765569791197777
0.04765691887587309
0.04765851143747568
0.04765892121940851
0.04765903204679489
0.047660430893301964
0.04766265209764242
0.04766289424151182
0.04766316898167133
0.047663734294474125
0.0476637352257967
0.047663780860602856
0.047664335928857327
0.047668321058154106
0.047668579034507275
0.04767081141471863
0.04767215810716152
0.0476727494969964
0.047673195600509644
0.0476736044511199
0.047674184665083885
0.04767995793372393
0.047680134885013103
0.04768120590597391
0.04768155235797167
0.0476851062849164
0.04768526181578636
0.04768611770123243
0.047688460908830166
0.04768925718963146
0.047690074890851974
0.04769087117165327
0.04769148398190737
0.04769188445061445
0.04769411031156778
0.04769602697342634
0.04769630078226328
0.04769819788634777
0.04769842326641083
0.04769850429147482
0.04769872687757015
0.04769903980195522
0.047700551338493824
0.04770122841000557
0.04770222771912813
0.047703091986477375
0.04770350456237793
0.04770355951040983
0.04770427756011486
0.047708963975310326
0.04771113861352205
0.047711990773677826
0.04771287087351084
0.047713689506053925
0.04771542176604271
0.04771566018462181
0.04771733097732067
0.04771875124424696
0.04771928768604994
0.047720734030008316
0.047724099829792976
0.047725290060043335
0.04772715363651514
0.04772781115025282
0.047727981582283974
0.04772918950766325
0.04773400630801916
0.04773494601249695
0.04773554112762213
0.0477358466014266
0.04773613065481186
0.0477365143597126
0.04774095118045807
0.047741266898810863
0.04774409532546997
0.04774552956223488
0.04774560686200857
0.047749513760209084
0.04775137733668089
0.04775146674364805
0.04775162972509861
0.04775197245180607
0.047753121703863144
0.047754641622304916
0.04775514919310808
0.047755188308656216
0.047757463529706
0.0477576432749629
0.04776015039533377
0.047760166227817535
0.047760412096977234
0.047760697081685066
0.047761162742972374
0.04776264727115631
0.047765664756298065
0.047768548130989075
0.04777159634977579
0.04777360334992409
0.04777917079627514
0.04777930397540331
0.047779339365661144
0.04777966346591711
0.0477804196998477
0.04778232891112566
0.047783019952476025
0.04778385255485773
0.04778389725834131
0.047785332426428795
0.04778546653687954
0.047786176204681396
0.04778624419122934
0.047787449322640896
0.04779269639402628
0.04779308009892702
0.04779365751892328
0.04779432341456413
0.047797005623579025
0.04779736325144768
0.04779988061636686
0.04780076816678047
0.047801307402551174
0.04780404642224312
0.047805748879909515
0.047810289077460766
0.047810846008360386
0.04781213961541653
0.04781221505254507
0.04781913571059704
0.04781937226653099
0.04781957622617483
0.047827345319092274
0.04782867059111595
0.04782937839627266
0.047832291573286057
0.04783792980015278
0.047838098369538784
0.047840376384556293
0.04784052539616823
0.04784145951271057
0.047848278656601906
0.04784929472953081
0.04784935526549816
0.047854334115982056
0.04785588476806879
0.04785765428096056
0.047858153469860554
0.04785878676921129
0.04786033555865288
0.04786461777985096
0.047866394743323326
0.0478670708835125
0.047867199406027794
0.0478686448186636
0.04786934982985258
0.047869473695755005
0.047871556133031845
0.04787265136837959
0.04787465278059244
0.04787519387900829
0.047878299839794636
0.04788042139261961
0.0478810453787446
0.04788149520754814
0.04788237623870373
0.0478835916146636
0.047887347638607025
0.04788829479366541
0.04789025895297527
0.047890663146972656
0.047890917398035526
0.047892652451992035
0.047894702292978764
0.047895390540361404
0.047900814563035965
0.04790103901177645
0.04790372122079134
0.047906653955578804
0.047907701693475246
0.04790940135717392
0.047910068184137344
0.04791024141013622
0.04791881702840328
0.04792229365557432
0.047926854342222214
0.04793081432580948
0.0479334844276309
0.0479345852509141
0.047940501011908054
0.04794112779200077
0.04794332943856716
0.047948045656085014
0.04795042332261801
0.04795135743916035
0.04795225802809
0.04795261938124895
0.04795561358332634
0.04795592371374369
0.047962093725800514
0.047963518649339676
0.047964329831302166
0.047964983619749546
0.047966052778065205
0.04796861112117767
0.04796949680894613
0.04796986561268568
0.047975621186196804
0.047976319678127766
0.047977931797504425
0.047981531359255314
0.04798304010182619
0.04798506945371628
0.04798573534935713
0.0479891411960125
0.04799006786197424
0.04799096006900072
0.047996499575674534
0.04799751006066799
0.0479982104152441
0.047999052330851555
0.04800256621092558
0.04800607729703188
0.04800618626177311
0.04800821002572775
0.048011439852416515
0.04801418073475361
0.04801919776946306
0.048022217117249966
0.048022616654634476
0.04802375938743353
0.04802464321255684
0.04802795685827732
0.04802839457988739
0.04803034942597151
0.04803438484668732
0.04803597368299961
0.04803764168173075
0.04804134555160999
0.048044491559267044
0.048049322329461575
0.04805282223969698
0.048057771287858486
0.048057958483695984
0.048058281652629375
0.04806018806993961
0.048062222078442574
0.04806404933333397
0.04806712456047535
0.048075552098453045
0.04807901568710804
0.04808070696890354
0.04808077961206436
0.04808729514479637
0.04808817803859711
0.048088857904076576
0.04808926209807396
0.04809387866407633
0.04809411149471998
0.048098220489919186
0.048098272643983364
0.04809832852333784
0.04809951409697533
0.04810004495084286
0.04810262471437454
0.048103892244398594
0.04810416605323553
0.04810538701713085
0.04811094142496586
0.048117781057953835
0.048118265345692635
0.048121181316673756
0.04812320414930582
0.04812525399029255
0.04812682420015335
0.048128957860171795
0.04813296254724264
0.04813666734844446
0.04814171604812145
0.04814314283430576
0.04814382456243038
0.04814937338232994
0.048150273971259594
0.04815280344337225
0.0481537114828825
0.04815492406487465
0.048157243989408016
0.04815737437456846
0.04816316347569227
0.04816348385065794
0.04818249959498644
0.048190041445195675
0.048191336914896965
0.048191831447184086
0.04819365032017231
0.0481999134644866
0.048207662999629974
0.04821505676954985
0.048215556889772415
0.04821591265499592
0.04821897856891155
0.048220882192254066
0.048221809789538383
0.04822498559951782
0.048226785846054554
0.04822993837296963
0.048235075548291206
0.0482367854565382
0.04823730140924454
0.04823941271752119
0.04824225604534149
0.04824316967278719
0.04824536573141813
0.048247626051306725
0.04824963305145502
0.04825290013104677
0.04825324658304453
0.04825355764478445
0.04825413599610329
0.04825432412326336
0.04826199822127819
0.048263149335980415
0.048265065997838974
0.04826653562486172
0.04826685506850481
0.04826973285526037
0.04827842582017183
0.048283280804753304
0.04828490596264601
0.0482870377600193
0.04828871879726648
0.048295541666448116
0.048297357745468616
0.048301419243216515
0.04830174148082733
0.048302424140274525
0.04830571170896292
0.04830656107515097
0.04830754175782204
0.048314961604774
0.048316662199795246
0.048318891786038876
0.04831907991319895
0.048321595415472984
0.04832276329398155
0.04832310136407614
0.04832612816244364
0.0483264084905386
0.04832642059773207
0.04832945391535759
0.04833164718002081
0.0483356574550271
0.04833761043846607
0.04834023490548134
0.04834138695150614
0.04834823403507471
0.048351812176406384
0.04835756216198206
0.048358797095716
0.04835909325629473
0.04836131725460291
0.04836553428322077
0.04837220907211304
0.04837494995445013
0.04839845281094313
0.048399509862065315
0.04840052593499422
0.048413343727588654
0.04843167867511511
0.04843232687562704
0.04843487590551376
0.04844075907021761
0.04844481870532036
0.0484461160376668
0.048450326547026634
0.04845091141760349
0.04845373798161745
0.04845567885786295
0.04846381489187479
0.04846844635903835
0.048470799811184406
0.04847550578415394
0.04847610183060169
0.048477908596396446
0.04848451819270849
0.04849541466683149
0.048497000709176064
0.0485076354816556
0.04850860219448805
0.048513186164200306
0.048514021560549736
0.04851956386119127
0.0485296780243516
0.04853104427456856
0.04853843059390783
0.04854219872504473
0.048551060259342194
0.04856406711041927
0.04856470040977001
0.048571547493338585
0.04857891332358122
0.04858256410807371
0.04858679510653019
0.04859213624149561
0.048592512495815754
0.048595244996249676
0.048597466200590134
0.04859823267906904
0.048603019677102566
0.048603592440485954
0.04861343838274479
0.04861934017390013
0.048620845191180706
0.04862280935049057
0.04863363038748503
0.048638773150742054
0.048639265820384026
0.0486541548743844
0.04865455441176891
0.04866465646773577
0.04866806510835886
0.04867403022944927
0.04867717809975147
0.048684261739254
0.04868951998651028
0.0486988453194499
0.04870120249688625
0.04871162120252848
0.04871249198913574
0.048731544986367226
0.0487335529178381
0.048757078126072884
0.048775624483823776
0.04878426156938076
0.048796397633850574
0.04881453048437834
0.04881947487592697
0.04882657062262297
0.04884289391338825
0.048850275576114655
0.048850477673113346
0.04885733313858509
0.04886707942932844
0.04887701664119959
0.04888431541621685
0.048885611817240715
0.048891546204686165
0.04889433924108744
0.04889572877436876
0.04889944940805435
0.048907142132520676
0.04891668073832989
0.04892506543546915
0.04893116746097803
0.048932706005871296
0.04895806033164263
0.0489795571193099
0.04900844767689705
0.049016653560101986
0.04902161378413439
0.049034496769309044
0.0490351552143693
0.04903551656752825
0.04905084706842899
0.049062141217291355
0.04906225297600031
0.04906629864126444
0.04908201191574335
0.0490942383185029
0.049097754061222076
0.049131400883197784
0.04914507083594799
0.04915442690253258
0.049161639995872974
0.04917214158922434
0.049180091358721256
0.04918066132813692
0.04918190184980631
0.04919609148055315
0.049197178333997726
0.049200103618204594
0.04921407997608185
0.049226620234549046
0.04922711197286844
0.04922890942543745
0.04924092348664999
0.04925829544663429
0.049263822846114635
0.04928232915699482
0.04928431659936905
0.04929279815405607
0.049300809390842915
0.04931377526372671
0.0493354881182313
0.04935070686042309
0.04936428740620613
0.04937773384153843
0.04938511177897453
0.04938649106770754
0.0493892440572381
0.04939710069447756
0.04944315366446972
0.04947165306657553
0.04948026966303587
0.04948439635336399
0.04949083272367716
0.04949708189815283
0.049522810615599155
0.0495288223028183
0.04953536298125982
0.04957083147019148
0.04958754498511553
0.04959717486053705
0.04963601566851139
0.04964979458600283
0.04970747139304876
0.04971801210194826
0.04973215330392122
0.04974397923797369
0.04977592080831528
0.04978747479617596
0.049813142977654934
0.04981696791946888
0.04982737638056278
0.04982999339699745
0.04985609091818333
0.049873643554747105
0.049877909012138844
0.04987990949302912
0.04988109599798918
0.04991280846297741
0.04994266480207443
0.049947312101721764
0.049948045052587986
0.049956271424889565
0.04996073246002197
0.049967650324106216
0.049980335868895054
0.04998503625392914
0.050018333829939365
0.05002029798924923
0.05005971994251013
0.05006513278931379
0.050103290006518364
0.05031962879002094
0.0505065880715847
0.050527567975223064
0.05053767841309309
0.050663347356021404
0.051624358631670475
0.05181208439171314
0.051820941269397736
0.05189979076385498
0.052003853023052216
0.052058142609894276
0.05208625737577677
0.05209497641772032
0.05212519131600857
0.052202505990862846
0.052225980907678604
0.05225376598536968
0.05225644074380398
0.05227026902139187
0.05227100569754839
0.0522825513035059
0.052283103577792645
0.052289084531366825
0.05231751408427954
0.0523194195702672
0.052327606827020645
0.05232907645404339
0.05233053769916296
0.052332269959151745
0.05234053358435631
0.05234475713223219
0.05234999489039183
0.05235322751104832
0.052362773567438126
0.05236539710313082
0.05237647704780102
0.05238157603889704
0.05238605570048094
0.05238726921379566
0.052388304844498634
0.05239643342792988
0.05239960830658674
0.0524128470569849
0.052437531761825085
0.052439662627875805
0.052444251254200935
0.05244647245854139
0.05244698189198971
0.05244970601052046
0.05245148576796055
0.05246234592050314
0.05246278177946806
0.05248141102492809
0.05250975117087364
0.052538021467626095
0.05253809317946434
0.052566731348633766
0.05256775673478842
0.05256872437894344
0.052582613192498684
0.052584268152713776
0.05259559955447912
0.052599008195102215
0.05261229630559683
0.05263247527182102
0.05264489632099867
0.052645339630544186
0.052650521509349346
0.05265249963849783
0.05265435855835676
0.05265961214900017
0.052670666947960854
0.05267327558249235
0.05268552154302597
0.052770393900573254
0.05280343536287546
0.05280644539743662
0.05282125622034073
0.0528267677873373
0.05287635140120983
0.05289758462458849
0.05293014459311962
0.052939425222575665
0.05295897740870714
0.05299248266965151
0.05299313832074404
0.05303264036774635
0.053079464472830296
0.05308248195797205
0.05312568414956331
0.053143386729061604
0.05315265525132418
0.05315335839986801
0.05315626040101051
0.05318430811166763
0.05321957357227802
0.05327210947871208
0.05332704074680805
0.05337236449122429
0.053396343253552914
0.053552523255348206
0.053877703845500946
0.054042790085077286
0.054049041122198105
0.054244088008999825
0.05424968898296356
0.05429630819708109
0.05430604610592127
0.054368733428418636
0.054415374994277954
0.05474422872066498
0.054876149632036686
0.05505550745874643
0.05527571961283684
0.05529489368200302
0.05589762143790722
0.05596630461513996
0.05647430568933487
0.05649400129914284
0.05779202654957771
0.05785528291016817
0.05796978622674942
0.05804293975234032
0.05849119741469622
0.058669147081673145
0.058851784095168114
0.05904230009764433
0.059239340014755726
0.06007659714668989
0.06215834338217974
0.06247223448008299
0.06253945548087358
0.06259325798600912
0.06260084360837936
0.0628314632922411
0.06297081429511309
0.06310413498431444
0.06322083994746208
0.06622190400958061
0.0677425367757678
0.06837088335305452
0.06889289617538452
0.06954280566424131
0.07022754102945328
0.0703290244564414
0.07279017381370068
0.07360254041850567
0.0780284320935607
0.08130413759499788
0.08252704795449972
0.08259582705795765
0.08312247134745121
0.08363262750208378
0.08548846282064915
0.08554600644856691
0.08882915414869785
0.09087159857153893
0.09095294401049614
0.09862907323986292
0.09994970820844173
0.10049470793455839
0.10280314460396767
0.10988160222768784
0.11016316525638103
0.11323259957134724
0.11733959522098303
0.11980465240776539
0.11984502151608467
0.12122705858200788
0.12645304203033447
0.12715108413249254
0.12865899503231049
0.12924234569072723
0.12925107590854168
0.12993708159774542
0.13052407652139664
0.13409830909222364
0.13525888323783875
0.13532719016075134
0.13692143373191357
0.1370111806318164
0.13759330566972494
0.13875739835202694
0.13981509860605001
0.14065436646342278
0.14655661676079035
0.1477935016155243
0.14954773150384426
0.15428414568305016
0.15597567334771156
0.15809795912355185
0.15929920133203268
0.1644576545804739
0.16559465788304806
0.1672863895073533
0.1683951560407877
0.1737701129168272
0.17521334625780582
0.1759683107957244
0.17870692815631628
0.1814018152654171
0.18558140937238932
0.18751125689595938
0.1913019996136427
0.19455644115805626
0.20089905057102442
0.20713469665497541
0.21063387393951416
0.21726434770971537
0.2201694706454873
0.2297862060368061
0.23796565737575293
0.238858993165195
0.24730167910456657
0.24900929629802704
0.2573411623016
0.2666921252384782
0.27536136843264103
0.2762187235057354
0.2762334570288658
0.27847001422196627
0.2864085528999567
0.28724650014191866
0.29341185465455055
0.2964865630492568
0.30213813204318285
0.3075742218643427
0.3162124063819647
0.3263149317353964
0.3316454943269491
0.33200280647724867
0.3325471915304661
