0.037650905549526215
0.038111268542706966
0.03814078774303198
0.03819325286895037
0.03822221886366606
0.038376989774405956
0.03846004419028759
0.03846808522939682
0.03852187842130661
0.03875804413110018
0.03876536060124636
0.0389283811673522
0.03895978629589081
0.03898061811923981
0.038982453756034374
0.038986748084425926
0.039035127498209476
0.03906662296503782
0.03909442014992237
0.039109583012759686
0.03913838043808937
0.03915894124656916
0.03918544948101044
0.039223456755280495
0.0392392436042428
0.039246028289198875
0.039293802343308926
0.03931036312133074
0.039452988654375076
0.039478929713368416
0.03948745410889387
0.039532121270895004
0.039567528292536736
0.03959191404283047
0.03959243092685938
0.039606453850865364
0.03964172396808863
0.03968605678528547
0.03971219900995493
0.039751322008669376
0.039775713346898556
0.03978708107024431
0.03980162926018238
0.03980326000601053
0.039830210618674755
0.03983180783689022
0.03983449749648571
0.03983652498573065
0.039918918162584305
0.03992635291069746
0.03993163537234068
0.03995799832046032
0.0399696184322238
0.03999610152095556
0.03999868407845497
0.04004617501050234
0.04006186034530401
0.0400676429271698
0.04017618577927351
0.04017852805554867
0.040207598358392715
0.04026558343321085
0.04028948117047548
0.04032669309526682
0.04033321514725685
0.04034689627587795
0.040401297621428967
0.040515719912946224
0.04057949595153332
0.04057993646711111
0.04058263171464205
0.04060332290828228
0.04063714761286974
0.04064519889652729
0.040649483911693096
0.04068100359290838
0.04074492119252682
0.04074905067682266
0.04080136772245169
0.040883623994886875
0.0409283097833395
0.04102103319019079
0.041034867987036705
0.04106671269983053
0.041074940003454685
0.0411180229857564
0.04113843850791454
0.04115037899464369
0.041155751794576645
0.04139282368123531
0.04140120558440685
0.04150154534727335
0.041524630039930344
0.041609032079577446
0.04162179306149483
0.04173210449516773
0.0417365487664938
0.041775988414883614
0.04182217549532652
0.04182226490229368
0.0418706638738513
0.04188383836299181
0.041902560740709305
0.04191885981708765
0.041919331066310406
0.041941351257264614
0.04194563254714012
0.042070670053362846
0.04207517299801111
0.04207646660506725
0.04212356265634298
0.04214383102953434
0.0421554958447814
0.04217268154025078
0.04217325896024704
0.04218039941042662
0.042191400192677975
0.042202962562441826
0.04223039932549
0.042233096435666084
0.04224885534495115
0.04225348774343729
0.04227180499583483
0.04228279832750559
0.04228817671537399
0.042291934601962566
0.04229388106614351
0.04229531157761812
0.04230436962097883
0.0423142584040761
0.04231722094118595
0.042318226769566536
0.04231941420584917
0.042323377914726734
0.042325207963585854
0.042326804250478745
0.042327492497861385
0.042327556759119034
0.04233200754970312
0.042337799444794655
0.042338534258306026
0.042338806204497814
0.04234163835644722
0.042350877076387405
0.042359909042716026
0.04236143082380295
0.0423623425886035
0.042367673479020596
0.04236877057701349
0.04237116314470768
0.0423720832914114
0.042376006953418255
0.0423820186406374
0.04238310642540455
0.042384108528494835
0.042391764000058174
0.04239197541028261
0.04240651987493038
0.04240835830569267
0.042409456335008144
0.04241012129932642
0.042411886155605316
0.042415497824549675
0.042424796149134636
0.04242758546024561
0.04243017919361591
0.042430682107806206
0.04243167582899332
0.042434316128492355
0.04243937507271767
0.042442210018634796
0.04244459606707096
0.04244608525186777
0.04244733415544033
0.04244778584688902
0.04244945850223303
0.0424498226493597
0.04245158191770315
0.04245435260236263
0.042458679527044296
0.042460061609745026
0.04246623534709215
0.042471036314964294
0.04247113037854433
0.04247239604592323
0.042474485002458096
0.0424753176048398
0.042475457303225994
0.04247665870934725
0.04248199053108692
0.042482093907892704
0.0424853079020977
0.04248675797134638
0.04248831421136856
0.04249550495296717
0.04249990079551935
0.04250402469187975
0.042505115270614624
0.04250523168593645
0.04250887129455805
0.04250998981297016
0.04251783434301615
0.04252352099865675
0.04252820648252964
0.04253038112074137
0.04253314062952995
0.04253567010164261
0.04253578744828701
0.04253691341727972
0.04254057724028826
0.0425420543178916
0.04254406690597534
0.042545863427221775
0.04254697170108557
0.04254770092666149
0.04255141410976648
0.04255766700953245
0.04255915526300669
0.0425593014806509
0.04256004933267832
0.04256094619631767
0.04256140533834696
0.04256376251578331
0.042564570903778076
0.04256466031074524
0.04256476927548647
0.04256714042276144
0.042567272670567036
0.04257090296596289
0.042571209371089935
0.04257411975413561
0.0425768718123436
0.04257898684591055
0.04258077684789896
0.042584012262523174
0.042585646733641624
0.04258841834962368
0.04258898366242647
0.04259165655821562
0.04259195551276207
0.04259673599153757
0.042602951638400555
0.04261375218629837
0.04261547699570656
0.04261795524507761
0.04261900018900633
0.042623989284038544
0.04262756276875734
0.04263105522841215
0.04263463616371155
0.04263828508555889
0.04264085553586483
0.0426437659189105
0.04264543578028679
0.042650905437767506
0.042653786949813366
0.04265732876956463
0.04265754856169224
0.042657854966819286
0.0426581297069788
0.04265845287591219
0.04266487527638674
0.04266713187098503
0.04266761336475611
0.04266837798058987
0.04267013166099787
0.042674021795392036
0.04267601203173399
0.042681654915213585
0.042705113999545574
0.04270772356539965
0.04270877130329609
0.04271023068577051
0.042710237205028534
0.0427128616720438
0.042714787647128105
0.042722662910819054
0.04272795841097832
0.042730167508125305
0.042732518166303635
0.042734009213745594
0.04273772984743118
0.04273821599781513
0.042739611119031906
0.0427500382065773
0.04275093041360378
0.04275210853666067
0.04276749026030302
0.04276858642697334
0.0427691200748086
0.0427731741219759
0.04277818463742733
0.0427794624119997
0.04278002958744764
0.04278566129505634
0.04278642311692238
0.0427924869582057
0.04279389698058367
0.04279445018619299
0.042800748720765114
0.04280514735728502
0.04280520509928465
0.042805302888154984
0.042811255902051926
0.04281299002468586
0.042813072912395
0.042820243164896965
0.04282417520880699
0.04282484296709299
0.04282643273472786
0.04282835964113474
0.042834918946027756
0.04284126218408346
0.04284187313169241
0.042845300398766994
0.042848565615713596
0.04284971207380295
0.04284973628818989
0.04285886511206627
0.04286342952400446
0.04286478832364082
0.042866939678788185
0.04287056438624859
0.04287536069750786
0.042881669476628304
0.04289141297340393
0.042897229082882404
0.04290594346821308
0.04290957096964121
0.042909718118608
0.04291108809411526
0.04291425831615925
0.042916267178952694
0.04291749093681574
0.042921763844788074
0.042928945273160934
0.042932637967169285
0.04294123686850071
0.042945400811731815
0.04294817615300417
0.04294843878597021
0.04295056313276291
0.042959568090736866
0.04296302795410156
0.042963613756000996
0.042964386753737926
0.042965290136635303
0.04296560399234295
0.04296560678631067
0.04296920355409384
0.042970964685082436
0.042971765622496605
0.042975204065442085
0.042977393604815006
0.04297914728522301
0.042981008999049664
0.042983376421034336
0.04298682417720556
0.04298762697726488
0.042991891503334045
0.04299637023359537
0.04299901332706213
0.04299984313547611
0.04300321824848652
0.043004607781767845
0.04300801269710064
0.04300868697464466
0.04301147721707821
0.04301326721906662
0.043015189468860626
0.04302340932190418
0.04302347544580698
0.04302590060979128
0.043027906678617
0.04302950296550989
0.04302988387644291
0.043034481815993786
0.043035415932536125
0.043035549111664295
0.04303963202983141
0.04304922744631767
0.04305175971239805
0.0430556358769536
0.04305626265704632
0.04305768292397261
0.04305867664515972
0.04306475166231394
0.043070605024695396
0.043077669106423855
0.043077925220131874
0.043080524541437626
0.04308295901864767
0.04308497812598944
0.043085163459181786
0.04308531992137432
0.04308811016380787
0.043089752085506916
0.043091217055916786
0.043092481791973114
0.04309773072600365
0.04309877846390009
0.04310508817434311
0.04310513474047184
0.043105531483888626
0.043109395541250706
0.04311282094568014
0.04311860632151365
0.043119088746607304
0.0431209085509181
0.04312488716095686
0.04312699381262064
0.04312756285071373
0.04313282296061516
0.04313581343740225
0.04313661530613899
0.043137624859809875
0.043140617199242115
0.043141117319464684
0.0431449543684721
0.04314529895782471
0.04315429367125034
0.04315436724573374
0.04315831046551466
0.04315875377506018
0.043161763809621334
0.0431630639359355
0.043169877491891384
0.04317002184689045
0.043170247226953506
0.043177153915166855
0.04317840747535229
0.04317848477512598
0.04318274278193712
0.043184190057218075
0.04318901989609003
0.0431925980374217
0.04319269675761461
0.0431932657957077
0.043193504214286804
0.04319433122873306
0.043194640427827835
0.043199727311730385
0.0432028342038393
0.043203726410865784
0.043206578120589256
0.043210132978856564
0.04321087338030338
0.04321263823658228
0.04322199337184429
0.04322716686874628
0.04322883207350969
0.043229665607213974
0.04323068633675575
0.04323218110948801
0.04323329869657755
0.043234135024249554
0.043237149715423584
0.04323919955641031
0.043239311315119267
0.04324035346508026
0.04324274603277445
0.04324503894895315
0.04325143713504076
0.043256862089037895
0.043262300081551075
0.04326247330754995
0.043262531980872154
0.04326730873435736
0.04326746426522732
0.04326799605041742
0.04327280819416046
0.04327317047864199
0.04327451158314943
0.04327465873211622
0.04327868204563856
0.04328260477632284
0.04328603483736515
0.043288988061249256
0.04328947141766548
0.04329406749457121
0.043296972289681435
0.04329851735383272
0.043300638906657696
0.04330915119498968
0.043312654830515385
0.04331360198557377
0.04332594480365515
0.04333181865513325
0.04333288501948118
0.0433341134339571
0.04333674069494009
0.043347413651645184
0.043350040912628174
0.04335667472332716
0.04336148966103792
0.04336231108754873
0.04336255323141813
0.04336960706859827
0.04337072838097811
0.04337599501013756
0.04337619710713625
0.04337856452912092
0.04337913356721401
0.043382964096963406
0.04338861536234617
0.043399072252213955
0.0434010848402977
0.04340358078479767
0.043414088897407055
0.043420152738690376
0.043426248244941235
0.043430489487946033
0.043440788984298706
0.04345895629376173
0.043468265794217587
0.04346961807459593
0.04347796272486448
0.04347976762801409
0.0434808824211359
0.043496765196323395
0.04350075963884592
0.04350276477634907
0.043504525907337666
0.04350542463362217
0.043506013229489326
0.043507588095963
0.04350770823657513
0.043509495444595814
0.04351299535483122
0.043513353914022446
0.043513424694538116
0.04354109335690737
0.043541171588003635
0.04354376811534166
0.04354536160826683
0.04354721959680319
0.043549670837819576
0.04355020821094513
0.04355107061564922
0.043552663177251816
0.04355972446501255
0.04356076382100582
0.04357191268354654
0.04357403423637152
0.043575040996074677
0.04357691388577223
0.043580046854913235
0.04358119983226061
0.0435858303681016
0.04359325114637613
0.043595707044005394
0.04359771963208914
0.0436004213988781
0.04361230321228504
0.04361314699053764
0.043615953996777534
0.043637312948703766
0.04365439433604479
0.04365674313157797
0.04365840367972851
0.04367788881063461
0.043682907707989216
0.04368429910391569
0.04369884077459574
0.043699802830815315
0.04371296148747206
0.04371404089033604
0.04372355528175831
0.043747931718826294
0.04375019762665033
0.04375026747584343
0.0437532514333725
0.04375471081584692
0.043756124563515186
0.043756743893027306
0.043756806291639805
0.043759994208812714
0.04376315977424383
0.04377312306314707
0.04377440642565489
0.04377510119229555
0.0437755836173892
0.04377570003271103
0.04377578105777502
0.043787047266960144
0.043789707124233246
0.043798087164759636
0.04380303714424372
0.04381632059812546
0.04381867032498121
0.04382330738008022
0.043825190514326096
0.04383439291268587
0.04384829569607973
0.04385629203170538
0.04386672005057335
0.04386936593800783
0.04387026187032461
0.0438850000500679
0.04388758633285761
0.043897395953536034
0.04390335641801357
0.043903645128011703
0.04390599578619003
0.043912248685956
0.04391230084002018
0.043927205726504326
0.04392758850008249
0.04392888490110636
0.043936493806540966
0.0439411886036396
0.04394705221056938
0.04394867271184921
0.0439521623775363
0.043957420624792576
0.04396994784474373
0.04397079721093178
0.04397972393780947
0.04398275725543499
0.043985817581415176
0.04399621766060591
0.043999751098454
0.04400577023625374
0.04400662425905466
0.044007621705532074
0.04400815907865763
0.044012030586600304
0.04402137268334627
0.04403349384665489
0.04403879400342703
0.04404445178806782
0.04405605234205723
0.04405644629150629
0.04405682347714901
0.04405875690281391
0.044059645384550095
0.044060382060706615
0.04408175963908434
0.04409389570355415
0.04409567825496197
0.04410406015813351
0.04410858266055584
0.044108674861490726
0.04411949869245291
0.04412579815834761
0.04413062147796154
0.0441308319568634
0.044132938608527184
0.04413787741214037
0.04414281528443098
0.04414525628089905
0.0441471841186285
0.04415699373930693
0.04415860213339329
0.04417113773524761
0.04417376313358545
0.04417945072054863
0.04418256692588329
0.04418355505913496
0.044189550913870335
0.04419411439448595
0.044194333255290985
0.044195001013576984
0.04419831093400717
0.04419952817261219
0.04422273766249418
0.044226002879440784
0.04422652721405029
0.04423339478671551
0.0442441301420331
0.044247605837881565
0.04424855299293995
0.04425354953855276
0.04426220990717411
0.04428422823548317
0.04428834281861782
0.04429014306515455
0.04429358243942261
0.044297073036432266
0.044299633242189884
0.04430140741169453
0.04431609436869621
0.04432300478219986
0.04433373175561428
0.04433511197566986
0.044337134808301926
0.04434858914464712
0.044372656382620335
0.04437964130192995
0.04438950400799513
0.04439767077565193
0.0444016307592392
0.044411107897758484
0.044412669725716114
0.04441471677273512
0.044422163628041744
0.04442766681313515
0.044436702504754066
0.04444202687591314
0.04444408230483532
0.044453457929193974
0.04445621091872454
0.04445901047438383
0.04447025898844004
0.044470406137406826
0.04447331000119448
0.04448956623673439
0.04449157416820526
0.04449363611638546
0.044509815983474255
0.04451019782572985
0.044513859786093235
0.04451624024659395
0.04452037904411554
0.044522020034492016
0.04453182127326727
0.0445338124409318
0.04453442618250847
0.044535028748214245
0.04453759267926216
0.04453933797776699
0.04454108141362667
0.044542097486555576
0.04454286489635706
0.04454458877444267
0.044546348974108696
0.044549478217959404
0.044552204199135303
0.0445522777736187
0.04455802962183952
0.04456646367907524
0.04457617364823818
0.04457688517868519
0.044578708708286285
0.04458615370094776
0.044586991891264915
0.04460437502712011
0.044626143760979176
0.04463279340416193
0.04463872965425253
0.044642914086580276
0.04464636091142893
0.044676486402750015
0.04468208272010088
0.0446879006922245
0.04471111483871937
0.044720446690917015
0.044727724976837635
0.0447351923212409
0.04475409630686045
0.0447580199688673
0.04475932754576206
0.04476101603358984
0.04476249869912863
0.04476737231016159
0.04477324802428484
0.04478939808905125
0.04479781538248062
0.044804997742176056
0.04482494667172432
0.04482810199260712
0.04482932388782501
0.04483735468238592
0.044847020879387856
0.04484936315566301
0.04486775957047939
0.04488043300807476
0.0448899082839489
0.04489182587713003
0.04489832557737827
0.04490141663700342
0.0449101896956563
0.04492360260337591
0.04492948018014431
0.04494515899568796
0.0449465112760663
0.044963777996599674
0.04498089384287596
0.04498241189867258
0.044983359053730965
0.0450047617778182
0.045010948553681374
0.045020743273198605
0.045037574134767056
0.045038945972919464
0.04505638685077429
0.04507420212030411
0.045094543136656284
0.04509678203612566
0.045106845907866955
0.04511990211904049
0.0451243631541729
0.04513557534664869
0.045135618187487125
0.045137468725442886
0.04515105951577425
0.04516346752643585
0.04517008550465107
0.045173341408371925
0.045198424719274044
0.04520875867456198
0.045209008269011974
0.045215217396616936
0.04521611798554659
0.0452257115393877
0.04522894695401192
0.04523255303502083
0.045237415470182896
0.04525309707969427
0.04525362700223923
0.045254940167069435
0.04526049364358187
0.04526483453810215
0.04526677541434765
0.04527214728295803
0.04527532868087292
0.0452770022675395
0.04530138522386551
0.04530420899391174
0.04531717672944069
0.045318666845560074
0.04533423949033022
0.0453410753980279
0.04534986801445484
0.04536448512226343
0.045367198064923286
0.04537135548889637
0.04537251219153404
0.04538128897547722
0.04538879916071892
0.04539245925843716
0.0454122219234705
0.045413448475301266
0.04541638772934675
0.04542023781687021
0.04542132746428251
0.045425823889672756
0.04543333034962416
0.045433382503688335
0.04543631803244352
0.04544320795685053
0.04545268416404724
0.04545297473669052
0.045461914502084255
0.045462435111403465
0.045471734367311
0.045472887344658375
0.04547678679227829
0.045478603802621365
0.04548335634171963
0.045487296767532825
0.04549357946962118
0.04549385607242584
0.045508270151913166
0.045510741882026196
0.045521399937570095
0.04552609287202358
0.04552613291889429
0.045527875423431396
0.045528280548751354
0.045529043301939964
0.04553021304309368
0.04553757142275572
0.045546166598796844
0.04555735271424055
0.0455667395144701
0.0455680089071393
0.04558037128299475
0.04559358209371567
0.04559723474085331
0.04559840727597475
0.04560040030628443
0.04560323804616928
0.04560331255197525
0.04560715798288584
0.04560805018991232
0.04561437200754881
0.045620608143508434
0.045620840042829514
0.04562398511916399
0.04563393536955118
0.04563863854855299
0.045645575039088726
0.045650577172636986
0.04565108381211758
0.0456608347594738
0.045681046321988106
0.04568414017558098
0.045686423778533936
0.04568679351359606
0.045695059932768345
0.045702626928687096
0.04570465348660946
0.04571160115301609
0.04571267683058977
0.045715983025729656
0.04573069140315056
0.04573428351432085
0.045741649344563484
0.04575429856777191
0.04575562849640846
0.0457595968618989
0.04576863721013069
0.04578844178467989
0.04580112174153328
0.045808044262230396
0.045811171643435955
0.04581236746162176
0.04581743199378252
0.04581993538886309
0.04582131467759609
0.04582534730434418
0.04582707956433296
0.04582725092768669
0.045829279348254204
0.045831361785531044
0.045833404175937176
0.0458382572978735
0.04584637004882097
0.04584877844899893
0.04586452804505825
0.04586995765566826
0.045872077345848083
0.045874505303800106
0.0458776755258441
0.04587808344513178
0.0458783358335495
0.04588359408080578
0.0458897240459919
0.04589117504656315
0.045891680754721165
0.045907991006970406
0.04591602087020874
0.0459176329895854
0.04592120461165905
0.045925662852823734
0.045931376516819
0.04594081919640303
0.045947806909680367
0.04595561604946852
0.04595564864575863
0.045966243371367455
0.04597305599600077
0.04597394075244665
0.04597461596131325
0.04597563203424215
0.04597742110490799
0.04599493555724621
0.045994955115020275
0.04600438475608826
0.04600783158093691
0.046013299375772476
0.04601679928600788
0.046017698012292385
0.04602357838302851
0.04603150766342878
0.04604110773652792
0.046041213907301426
0.04605548456311226
0.04607237130403519
0.046083759516477585
0.046087185852229595
0.0460975244641304
0.046101631596684456
0.04610598552972078
0.046107386238873005
0.046108465641736984
0.04611382260918617
0.04611451644450426
0.0461164154112339
0.0461168373003602
0.046133896335959435
0.046136909164488316
0.04613850358873606
0.0461491160094738
0.0461603244766593
0.0461636558175087
0.04617611225694418
0.04618092905730009
0.046183031052351
0.0461837500333786
0.04618701711297035
0.046188246458768845
0.04619578830897808
0.04619603976607323
0.046196951530873775
0.04619721882045269
0.046197593212127686
0.04620200954377651
0.04620972461998463
0.046224518679082394
0.046224807389080524
0.0462348647415638
0.04623530060052872
0.04624179191887379
0.046245978213846684
0.04625209700316191
0.0462559936568141
0.04625795781612396
0.046268193051218987
0.0462702764198184
0.04630622640252113
0.0463235704228282
0.04633139353245497
0.04633283615112305
0.04635092709213495
0.04635957162827253
0.04636196233332157
0.04636296257376671
0.046364408917725086
0.046370021998882294
0.046372841112315655
0.04637598618865013
0.04639131482690573
0.046396336518228054
0.04639894887804985
0.04640685860067606
0.04641095455735922
0.04641696531325579
0.04641767963767052
0.04642011970281601
0.046420386992394924
0.04644094128161669
0.04645339585840702
0.04645779635757208
0.04645926132798195
0.04646371118724346
0.046463754028081894
0.04647696577012539
0.046480568125844
0.04649539943784475
0.04650258086621761
0.04651115648448467
0.04651201795786619
0.04651765804737806
0.04652455262839794
0.04654498025774956
0.046546281315386295
0.04655604436993599
0.046564262360334396
0.046567185781896114
0.046577916480600834
0.04658069182187319
0.04658320639282465
0.046584063209593296
0.04658442363142967
0.04658528510481119
0.0465860441327095
0.04659332800656557
0.046594795770943165
0.0466090040281415
0.0466158352792263
0.046625109389424324
0.04664768557995558
0.046665568836033344
0.04666653089225292
0.04667046293616295
0.04669048171490431
0.04670566972345114
0.046710836701095104
0.04673642758280039
0.04673973377794027
0.04674678761512041
0.046754833310842514
0.04676428996026516
0.046765527687966824
0.04677017405629158
0.04677525628358126
0.04678320977836847
0.046786095947027206
0.046787614934146404
0.04680147115141153
0.04680629353970289
0.04681237228214741
0.04681419022381306
0.0468295831233263
0.046830582432448864
0.04685475863516331
0.04685847833752632
0.04685897193849087
0.04685952700674534
0.04686544369906187
0.04686983488500118
0.04688424803316593
0.04688461497426033
0.046889254823327065
0.046893578954041004
0.04691660404205322
0.046921126544475555
0.0469498997554183
0.04695851914584637
0.04696459695696831
0.04697044659405947
0.04697712976485491
0.04698775801807642
0.047008135356009007
0.04700855165719986
0.047012568451464176
0.047013645991683006
0.047016010619699955
0.0470266817137599
0.047030690126121044
0.047040208242833614
0.04704222735017538
0.047047861851751804
0.047062475234270096
0.04706802126020193
0.04706934466958046
0.04709729552268982
0.047106130979955196
0.04711395129561424
0.04712133388966322
0.047121522948145866
0.047145030461251736
0.04714898392558098
0.04715188406407833
0.04715774767100811
0.0471719391644001
0.04718246031552553
0.047184545546770096
0.047196839936077595
0.04723707865923643
0.04725076910108328
0.0472607621923089
0.04726099502295256
0.04726406745612621
0.047267754562199116
0.04727149661630392
0.04727849829941988
0.04728321824222803
0.047286439687013626
0.047292158007621765
0.047292676754295826
0.047292727045714855
0.047304997220635414
0.047305078245699406
0.04730583168566227
0.047308663837611675
0.047318981029093266
0.04732379410415888
0.047324977815151215
0.04732837714254856
0.04732997063547373
0.04733613412827253
0.047350103966891766
0.04737148620188236
0.0473755206912756
0.047381979413330555
0.04738751985132694
0.04739444609731436
0.04739700723439455
0.04740335699170828
0.047406832687556744
0.04742279276251793
0.04742772597819567
0.04743054881691933
0.047432178631424904
0.04744648840278387
0.04745364934206009
0.04746254254132509
0.04746361169964075
0.04747811611741781
0.047486052848398685
0.04748664051294327
0.04748786520212889
0.04748828522861004
0.04750151839107275
0.047524573281407356
0.047543092630803585
0.04755390528589487
0.04755933862179518
0.04755999054759741
0.047569586895406246
0.047580610029399395
0.047583673149347305
0.04758698586374521
0.047595780342817307
0.04760103393346071
0.04760679975152016
0.04761019628494978
0.04763133265078068
0.04764032829552889
0.047642532736063004
0.04764680750668049
0.04766550846397877
0.047670505940914154
0.04767723474651575
0.047681708820164204
0.04768548905849457
0.0476967291906476
0.04770822171121836
0.04770852066576481
0.0477249538525939
0.04773106053471565
0.047733403742313385
0.04773408081382513
0.0477617671713233
0.047778393141925335
0.04780766274780035
0.04781906958669424
0.04782667197287083
0.04784196522086859
0.04785159323364496
0.04785534832626581
0.047866431064903736
0.04786870256066322
0.0478699030354619
0.047881368547677994
0.047883082181215286
0.04788937512785196
0.047890542075037956
0.04789169132709503
0.04789870139211416
0.04790402855724096
0.04790699854493141
0.04792068339884281
0.04792104661464691
0.047940367832779884
0.047940745018422604
0.04794733505696058
0.04795057885348797
0.047964285127818584
0.04797252640128136
0.04798210598528385
0.04798432998359203
0.047985149547457695
0.047994339838624
0.04800242371857166
0.04801407363265753
0.048019835725426674
0.048025645315647125
0.048029057681560516
0.04803007282316685
0.04803935997188091
0.04804368317127228
0.04804880917072296
0.04805639572441578
0.04805859923362732
0.04806017130613327
0.048061798326671124
0.048061818815767765
0.04806278832256794
0.04806574247777462
0.04806802608072758
0.048075487837195396
0.048080078326165676
0.04808497428894043
0.0480855880305171
0.04808856453746557
0.0480889156460762
0.04810868203639984
0.048111697658896446
0.04811590537428856
0.04811723530292511
0.04814170114696026
0.048147013410925865
0.04814858455210924
0.048149123787879944
0.048153494484722614
0.048247416503727436
0.04844869952648878
0.04850767459720373
0.048610406927764416
0.04861745424568653
0.04862016811966896
0.04862775281071663
0.04866357333958149
0.0486708078533411
0.04867234546691179
0.048673962242901325
0.048691848292946815
0.04870135989040136
0.04874779377132654
0.04876015707850456
0.04877567104995251
0.04878697358071804
0.04879225790500641
0.04879303742200136
0.04879410099238157
0.048830621875822544
0.04883868433535099
0.04884108155965805
0.048895539715886116
0.04892115853726864
0.0489991782233119
0.049049606546759605
0.0490562254562974
0.049057986587285995
0.0490699727088213
0.04909765161573887
0.049106186255812645
0.0491577023640275
0.04917238745838404
0.04930687416344881
0.04942335933446884
0.04945176560431719
0.04946452006697655
0.049544173292815685
0.04960243497043848
0.04965661745518446
0.04966185614466667
0.049687777645885944
0.04969138652086258
0.04969590809196234
0.04971001110970974
0.049871320836246014
0.04987918399274349
0.04988338053226471
0.049929847940802574
0.04994217213243246
0.04999925475567579
0.050004251301288605
0.050012013874948025
0.050012691877782345
0.05001627001911402
0.05003009084612131
0.05004073120653629
0.05004078336060047
0.050051404163241386
0.05005250126123428
0.050075639970600605
0.05009153950959444
0.05012452695518732
0.05014347564429045
0.050204203464090824
0.05020937696099281
0.05021365266293287
0.05023900140076876
0.05024205055087805
0.05026404187083244
0.05027167405933142
0.05028144735842943
0.050288669764995575
0.05029122065752745
0.050299313850700855
0.050316132605075836
0.050328945741057396
0.050330011174082756
0.05034622922539711
0.0503481924533844
0.05034972261637449
0.05035626422613859
0.050357735715806484
0.050359142012894154
0.050375841557979584
0.05038292799144983
0.05038989242166281
0.05039000231772661
0.050392135977745056
0.0503993583843112
0.050427425652742386
0.050440168008208275
0.05044239014387131
0.05044416058808565
0.050444772467017174
0.050453186966478825
0.05045813322067261
0.050465067848563194
0.05046676844358444
0.05046760197728872
0.050468942150473595
0.050470382906496525
0.05047087650746107
0.05047194007784128
0.05047859437763691
0.05047957971692085
0.05049256794154644
0.05049288086593151
0.050494998693466187
0.05050133541226387
0.05050149653106928
0.05050161015242338
0.05050365440547466
0.05050511658191681
0.05051427334547043
0.050517480820417404
0.05052394140511751
0.05052734259516001
0.05052843689918518
0.05053033214062452
0.05053038336336613
0.05053206626325846
0.05053818318992853
0.05055964644998312
0.050561245530843735
0.05056370701640844
0.050567302852869034
0.05056874733418226
0.050574248656630516
0.05058183427900076
0.05058362986892462
0.05058412905782461
0.05058566015213728
0.050594041123986244
0.050599236972630024
0.050610750913619995
0.05061343777924776
0.05061714816838503
0.05062680598348379
0.050628164783120155
0.05063747800886631
0.05063910409808159
0.050641465932130814
0.050644840113818645
0.05065686721354723
0.05065761134028435
0.0506681939586997
0.05066883843392134
0.05066990852355957
0.05067173019051552
0.05067302659153938
0.05067890603095293
0.05068301782011986
0.05068312678486109
0.05068323574960232
0.05068393796682358
0.05068434588611126
0.050686851143836975
0.05068817920982838
0.050699793733656406
0.050702109932899475
0.05070545990020037
0.050708250142633915
0.050711819902062416
0.050713215954601765
0.050715189427137375
0.05071708932518959
0.05071901995688677
0.050720710307359695
0.05072631873190403
0.05073198303580284
0.05073365941643715
0.05073818936944008
0.05074087996035814
0.05074213072657585
0.0507475845515728
0.05074794217944145
0.05075196269899607
0.050753308460116386
0.050754926167428493
0.05075903329998255
0.050764174200594425
0.05076510086655617
0.050765580497682095
0.05076595302671194
0.05077329836785793
0.050773875787854195
0.05077686905860901
0.05078105814754963
0.05078147258609533
0.05079760495573282
0.05080123711377382
0.0508060222491622
0.050809054635465145
0.050809998996555805
0.05081480089575052
0.050815826281905174
0.0508184265345335
0.05081959441304207
0.05082444939762354
0.050831444561481476
0.05083342455327511
0.05083405040204525
0.050835322588682175
0.050836347974836826
0.050837792456150055
0.050843408331274986
0.05084496829658747
0.05084860697388649
0.05085137113928795
0.050852760672569275
0.0508693577721715
0.050870453007519245
0.05087160039693117
0.05087489727884531
0.05087550077587366
0.05087848287075758
0.050883796997368336
0.05088471155613661
0.05089067202061415
0.05089235119521618
0.050896044820547104
0.050899269990623
0.05090656690299511
0.050908274948596954
0.05091599002480507
0.050917716696858406
0.050922997295856476
0.05092447716742754
0.050933677703142166
0.050935517996549606
0.050950479693710804
0.05095141660422087
0.05095169600099325
0.05095343757420778
0.05095449276268482
0.05095779895782471
0.050957897678017616
0.05097360908985138
0.05098033603280783
0.0510064335539937
0.051012528128921986
0.05101649183779955
0.0510302409529686
0.05103784799575806
0.05104173719882965
0.051047855988144875
0.05105011444538832
0.051068090833723545
0.051087494008243084
0.05110925529152155
0.051123579032719135
0.05112665146589279
0.051128835417330265
0.05113506317138672
0.051154470071196556
0.05115843005478382
0.05117394030094147
0.051181104965507984
0.05118679255247116
0.05119181610643864
0.05120097380131483
0.05121447145938873
0.05121564865112305
0.051216172985732555
0.05123074259608984
0.05124170891940594
0.051248880103230476
0.05124997906386852
0.05125151760876179
0.05125843081623316
0.0512693477794528
0.051270123571157455
0.051276530139148235
0.05128731392323971
0.05129117053002119
0.05129248835146427
0.05131793115288019
0.051332912407815456
0.0513361394405365
0.051340196281671524
0.05135146901011467
0.051354109309613705
0.0513581158593297
0.05135906022042036
0.051361885853111744
0.051366168074309826
0.05137583985924721
0.05137771647423506
0.05138203874230385
0.051392109133303165
0.05139461625367403
0.05141289345920086
0.05142820253968239
0.05142983142286539
0.05154053773730993
0.05155083071440458
0.051560728810727596
0.05156551580876112
0.05160656478255987
0.051608989015221596
0.051609428599476814
0.051618339493870735
0.05162304267287254
0.051647912710905075
0.05171573627740145
0.05171693116426468
0.05174080282449722
0.05174736957997084
0.05175354331731796
0.05176782701164484
0.051768756471574306
0.05179607309401035
0.051817359402775764
0.05182264652103186
0.051876495592296124
0.05188595782965422
0.05191303230822086
0.0519530326128006
0.051954761147499084
0.05198530666530132
0.05199597589671612
0.05201560631394386
0.052045038901269436
0.05208123754709959
0.05220572277903557
0.052210637368261814
0.0522520849481225
0.05227569956332445
0.05228828825056553
0.05229793209582567
0.05231971386820078
0.05232392065227032
0.0523336511105299
0.05238603241741657
0.0524095268920064
0.052410297095775604
0.052429999224841595
0.05243930220603943
0.05252260807901621
0.052546337246894836
0.05255823116749525
0.05259061977267265
0.05267355591058731
0.052674876525998116
0.05281738005578518
0.05287676863372326
0.05288072768598795
0.05294249765574932
0.052949863485991955
0.05297236330807209
0.05299494694918394
0.05306335911154747
0.05307869892567396
0.05317123420536518
0.05317762400954962
0.05319490469992161
0.05321216769516468
0.05325853917747736
0.053398480638861656
0.05342356953769922
0.053424226120114326
0.053469108417630196
0.05352330673485994
0.053551241755485535
0.05358818080276251
0.05359860509634018
0.05365663021802902
0.053672702983021736
0.05368939694017172
0.0537192951887846
0.0537383146584034
0.05376832094043493
0.05377952102571726
0.053801193833351135
0.05380742345005274
0.05382270272821188
0.05389055050909519
0.053966197185218334
0.05428524874150753
0.05433192849159241
0.05435831379145384
0.054361164569854736
0.05437619611620903
0.054378253407776356
0.05440544243901968
0.05461511295288801
0.05471239052712917
0.05477210693061352
0.05485598463565111
0.05491703003644943
0.054924615658819675
0.054987735114991665
0.054989781230688095
0.05500578973442316
0.05503505375236273
0.05506813805550337
0.05510800611227751
0.055208584293723106
0.05529497470706701
0.05542571749538183
0.055515882559120655
0.05564129073172808
0.05573941022157669
0.05586552806198597
0.05594808887690306
0.055968872271478176
0.05617262329906225
0.05680727772414684
0.056912461295723915
0.05818818137049675
0.0585677707567811
0.05858375318348408
0.05860449280589819
0.058681936003267765
0.05869620852172375
0.05871241260319948
0.058726077899336815
0.05876771733164787
0.0588841587305069
0.05888708960264921
0.05891207978129387
0.058930978178977966
0.05898378882557154
0.05903810262680054
0.05906676780432463
0.05926975980401039
0.05943938996642828
0.059798927046358585
0.06035636272281408
0.06057687010616064
0.06057693623006344
0.060617013834416866
0.06081331521272659
0.06096248980611563
0.06112759653478861
0.06118966545909643
0.06132597662508488
0.06146461330354214
0.0616337526589632
0.06212703511118889
0.06220466736704111
0.06314227543771267
0.06385102309286594
0.06397573743015528
0.06454018875956535
0.0667698672041297
0.06697982922196388
0.06725487764924765
0.0682480363175273
0.0684555396437645
0.06852151546627283
0.06865261122584343
0.07063827849924564
0.07067628856748343
0.07175926212221384
0.07235574256628752
0.07516357023268938
0.07681296952068806
0.07690768502652645
0.07777286041527987
0.07948639430105686
0.08423338737338781
0.08454291615635157
0.08462859783321619
0.08559270855039358
0.08709000609815121
0.08775248378515244
0.08817548025399446
0.08830493967980146
0.09211182687431574
0.09229929186403751
0.09264166466891766
0.09272753912955523
0.09568648133426905
0.09603126626461744
0.09668963588774204
0.09676827583462
0.09839499555528164
0.09967391192913055
0.10093936137855053
0.10325849428772926
0.10366303473711014
0.1043549170717597
0.10586865153163671
0.10850028321146965
0.11066118348389864
0.11076982133090496
0.11142701376229525
0.11207374930381775
0.1130455369129777
0.11800070758908987
0.11800945550203323
0.1192959826439619
0.12031340785324574
0.12068815901875496
0.1254564868286252
0.12563765980303288
0.12705964408814907
0.12727792467921972
0.12808010168373585
0.1284154998138547
0.13126498647034168
0.13301984872668982
0.13315858598798513
0.1344108860939741
0.1350616728886962
0.135211450047791
0.13574342988431454
0.1359683172777295
0.13620153535157442
0.13895706739276648
0.14016430731862783
0.14144051168113947
0.141808251850307
0.14355043973773718
0.14367090910673141
0.14386937953531742
0.14725686516612768
0.1491009471938014
0.14921961352229118
0.15133269224315882
0.1516400519758463
0.15401290450245142
0.1549937864765525
0.15892393235117197
0.1592986611649394
0.16103317495435476
0.16117266658693552
0.16216102987527847
0.16571679431945086
0.1659396467730403
0.16709557734429836
0.16897477116435766
0.16911578457802534
0.17269311472773552
0.17340467870235443
0.17447476647794247
0.1757773431017995
0.17621055338531733
0.17691582441329956
0.17808215878903866
0.1815528916195035
0.1817927472293377
0.18263396993279457
0.18296779319643974
0.18594837374985218
0.18798804469406605
0.1900627901777625
0.19038565177470446
0.19123030081391335
0.19370756763964891
0.19771758466959
0.19779560063034296
0.19828580133616924
0.20047261100262403
0.20185822062194347
0.20314156915992498
0.20626174844801426
0.20639039482921362
0.20839838590472937
0.20852837897837162
0.20988896302878857
0.21057782880961895
0.21309458184987307
0.21390068251639605
0.21450035460293293
0.2155925203114748
0.21614777762442827
0.21701171807944775
0.2177219232544303
0.22000417206436396
0.22157839126884937
0.22220483794808388
0.2225116230547428
0.22356791608035564
0.22410973999649286
0.2261475780978799
0.22656172886490822
0.22814565896987915
0.22913249768316746
0.22916308604180813
0.23008506651967764
0.23293293453752995
0.23310640826821327
0.233220468275249
0.23369848355650902
0.23652236815541983
0.2376056658104062
0.23908687476068735
0.2404971281066537
0.2408806039020419
0.24134027678519487
0.24154789187014103
0.24311372078955173
0.24445003177970648
0.24558153934776783
0.24583643581718206
0.2460031844675541
0.246337222866714
0.24799549207091331
0.24855098221451044
0.24891297705471516
0.24910230096429586
0.25059867836534977
0.25100872479379177
0.25174716860055923
0.2534995945170522
0.25525826681405306
0.2562643429264426
0.2577490182593465
0.25927165523171425
0.2626129435375333
0.2638926347717643
0.26398067362606525
0.2641648640856147
0.2650423077866435
0.26513676438480616
0.2652998836711049
0.26571621000766754
0.26615524757653475
0.2661601761355996
0.26876730006188154
0.2693962762132287
0.27010284923017025
0.2702119378373027
0.2708297250792384
0.2711785966530442
0.2713375622406602
0.2717464528977871
0.27289780136197805
0.2732748184353113
0.27417789306491613
0.2746825600042939
0.27579016983509064
0.2785545913502574
0.2788740722462535
0.27889774553477764
0.2797517403960228
0.2798568531870842
0.2804694315418601
0.2805622760206461
0.2823409689590335
0.28250186145305634
0.28270741552114487
0.2828462924808264
0.28599175438284874
0.28653725795447826
0.2874665092676878
0.2875702930614352
0.28814351838082075
0.2881903136149049
0.2882676161825657
0.2900990340858698
0.2901004869490862
0.2905923295766115
0.2914148522540927
0.2923322021961212
0.2954872166737914
0.2957805199548602
0.29598673339933157
0.2962582176551223
0.29675031919032335
0.29754168167710304
0.297565127722919
0.29810160771012306
0.29815755505114794
0.2988379467278719
0.2993521895259619
0.29998811427503824
0.30119032319635153
0.30325174145400524
0.3034611605107784
0.30348861310631037
0.30441819317638874
0.30450691375881433
0.30452538188546896
0.30483178328722715
0.30504679307341576
0.3056534565985203
0.30579549446702003
0.30611037462949753
0.3064530389383435
0.306753683835268
0.31090773083269596
0.3109652893617749
0.31117124669253826
0.3111761128529906
0.3114228919148445
0.31154436245560646
0.3115464635193348
0.31163474265486
0.3127691503614187
0.3130300110206008
0.3130726274102926
0.3133103484287858
0.3139405557885766
0.31449499167501926
0.3162709344178438
0.31691987812519073
0.31917826272547245
0.3192110890522599
0.3195739444345236
0.3202129928395152
0.32040587067604065
0.32076156977564096
0.3212899249047041
0.321439647115767
0.3239615075290203
0.32401963602751493
0.3240310959517956
0.3243218269199133
0.32490074820816517
0.3254909599199891
0.3269231431186199
0.3277527466416359
0.32849057018756866
0.3288837168365717
0.3291520895436406
0.3314756006002426
0.3318044329062104
0.33215760812163353
0.33228506334125996
0.3335129404440522
0.3351759584620595
0.3354813624173403
0.3360152905806899
0.3360292352735996
0.33849699702113867
0.3388506732881069
0.3390327589586377
0.34032708778977394
0.34074824023991823
0.34076694771647453
0.34344192687422037
0.34529591258615255
0.34594789426773787
0.3476930698379874
0.35259990207850933
