0.04035935364663601
0.043072217144072056
0.04377809911966324
0.04400296229869127
0.044373069889843464
0.04457432962954044
0.04457876272499561
0.044618673622608185
0.0447144340723753
0.0447921073064208
0.04511995334178209
0.04536361340433359
0.0453864224255085
0.04608626291155815
0.04622225556522608
0.04637867026031017
0.04657740704715252
0.046656763181090355
0.046732254326343536
0.04695291817188263
0.04705691244453192
0.04706194158643484
0.047090426087379456
0.04711273964494467
0.04715722892433405
0.047230957075953484
0.047370439395308495
0.04742480255663395
0.04751345980912447
0.04755597375333309
0.047586011700332165
0.047586267814040184
0.047591520473361015
0.04759829491376877
0.047607237473130226
0.047643523663282394
0.04770833346992731
0.04774330463260412
0.04775004554539919
0.047792086377739906
0.047793741337955
0.04784735385328531
0.04787891451269388
0.04788321629166603
0.04792180564254522
0.047949752770364285
0.04795910604298115
0.047966547310352325
0.047994375228881836
0.047999169677495956
0.048014833591878414
0.0480234008282423
0.04806236829608679
0.04808326065540314
0.048089428804814816
0.048125725239515305
0.04815377853810787
0.04816014878451824
0.04817936010658741
0.04820256121456623
0.04820884671062231
0.04823298193514347
0.04823628719896078
0.04824552498757839
0.048264527693390846
0.04826788417994976
0.04827969707548618
0.04828154668211937
0.048294320702552795
0.04829943273216486
0.04830549005419016
0.04832302685827017
0.04832630604505539
0.048372034914791584
0.048422880470752716
0.04844174813479185
0.048484060913324356
0.048485965467989445
0.04848774988204241
0.048506143502891064
0.048516477458179
0.04854300059378147
0.04857674241065979
0.048607380129396915
0.04860961902886629
0.04861094802618027
0.04861307796090841
0.0486173452809453
0.04862118232995272
0.048651814460754395
0.04865571670234203
0.048669557087123394
0.04866965860128403
0.048714869655668736
0.0487167751416564
0.04872024618089199
0.04873028304427862
0.04874782636761665
0.048759812489151955
0.04877384286373854
0.048777759075164795
0.04879213776439428
0.04880334995687008
0.04880345147103071
0.04880479536950588
0.04883307125419378
0.04883318394422531
0.048882815055549145
0.0488843796774745
0.04889311082661152
0.04890063684433699
0.04893943015486002
0.04894027952104807
0.0489417714998126
0.04894549027085304
0.04895536322146654
0.04897511005401611
0.04898182209581137
0.04901086073368788
0.04906168580055237
0.049071057699620724
0.04911643173545599
0.049132565036416054
0.04914190713316202
0.049147882498800755
0.04915558733046055
0.049176085740327835
0.04919256269931793
0.049210965633392334
0.04922670125961304
0.04924820922315121
0.049276940524578094
0.04928452055901289
0.04928773455321789
0.049306195229291916
0.04930982552468777
0.049325812608003616
0.04932636208832264
0.04933823086321354
0.04934814292937517
0.04935809038579464
0.04939895682036877
0.04942641872912645
0.04942829720675945
0.049429778940975666
0.04945306945592165
0.04945626016706228
0.049492787569761276
0.04951983131468296
0.04953395389020443
0.0495374770835042
0.04954922664910555
0.04955082293599844
0.049558501690626144
0.04958778340369463
0.0496362317353487
0.049637798219919205
0.04965244233608246
0.049684557132422924
0.04970441199839115
0.049742283299565315
0.049744706600904465
0.049750326201319695
0.04975175950676203
0.049770270474255085
0.04978485777974129
0.049791501834988594
0.04980411194264889
0.049823288805782795
0.04983158968389034
0.04984177742153406
0.049885150976479053
0.04992579761892557
0.049936155788600445
0.04994614142924547
0.04997950978577137
0.05002816114574671
0.05011448170989752
0.05014124792069197
0.05018384009599686
0.05018398631364107
0.05023963563144207
0.05028383620083332
0.05034494772553444
0.05035732686519623
0.050375644117593765
0.05038341786712408
0.05039672181010246
0.05041577201336622
0.050437916070222855
0.050440650433301926
0.050529515370726585
0.05053006298840046
0.050530871376395226
0.0505315912887454
0.05054465401917696
0.0506724463775754
0.05072709824889898
0.05085234995931387
0.05086622200906277
0.0509004108607769
0.05095443036407232
0.05100374203175306
0.051052238792181015
0.05106471199542284
0.05109835509210825
0.051135437563061714
0.051186453551054
0.05129087995737791
0.05133473500609398
0.05139095801860094
0.05145345628261566
0.05160802975296974
0.051641021855175495
0.05166948586702347
0.0517063494771719
0.05171225965023041
0.05190536007285118
0.05198083259165287
0.0519912326708436
0.05200935062021017
0.0520321149379015
0.05209767073392868
0.0521196061745286
0.05215856898576021
0.05217327270656824
0.05217703618109226
0.05219017155468464
0.05220650136470795
0.05221504904329777
0.052233725786209106
0.05228970665484667
0.052291794680058956
0.05234419647604227
0.05237498600035906
0.05239971820265055
0.05240078829228878
0.052453961223363876
0.05246180668473244
0.05246210657060146
0.052465262822806835
0.05249414034187794
0.05249495804309845
0.05250814091414213
0.052510338835418224
0.05252438876777887
0.05252572242170572
0.05253590829670429
0.052542126737535
0.0525587722659111
0.052566105499863625
0.05257304199039936
0.052575198002159595
0.05258234217762947
0.052598278038203716
0.052604817785322666
0.05261280480772257
0.05261985585093498
0.05263972841203213
0.05264828260987997
0.052652656100690365
0.05265402793884277
0.05265882425010204
0.052669827826321125
0.052670493721961975
0.052673060446977615
0.0526804905384779
0.05268210265785456
0.05268430523574352
0.052689168602228165
0.052704096771776676
0.0527246305719018
0.05274599697440863
0.052753453142941
0.05275820195674896
0.05275875981897116
0.05277183186262846
0.052780600264668465
0.05278888624161482
0.05279618874192238
0.05280200857669115
0.05280713923275471
0.0528160547837615
0.05282024573534727
0.05282668489962816
0.0528292041271925
0.052838302217423916
0.05284397676587105
0.05284430645406246
0.052849545143544674
0.05285574775189161
0.05285847280174494
0.05286174453794956
0.05287242587655783
0.05287852697074413
0.052903118543326855
0.05291472468525171
0.05292458459734917
0.05292846728116274
0.052932881750166416
0.052950914949178696
0.0529516963288188
0.05295488331466913
0.052961849607527256
0.052971831522881985
0.052985637448728085
0.05299939960241318
0.053001188673079014
0.05301395524293184
0.05302342679351568
0.053032174706459045
0.05303249228745699
0.05304369330406189
0.05306436587125063
0.053066665306687355
0.053068521432578564
0.053072365000844
0.05307842418551445
0.05308559723198414
0.05308874137699604
0.053090271539986134
0.053092656657099724
0.05311215948313475
0.05313515290617943
0.0531522948294878
0.05315832979977131
0.0531697990372777
0.05317179672420025
0.053174291737377644
0.053175631910562515
0.053193965926766396
0.053213694132864475
0.05321387853473425
0.053219438530504704
0.05322445183992386
0.053234875202178955
0.053264226764440536
0.05329906474798918
0.05330413021147251
0.053318802267313004
0.05333447828888893
0.05333728529512882
0.053353468887507915
0.05335780140012503
0.05337069556117058
0.053378631360828876
0.05339227709919214
0.05339657701551914
0.05339915491640568
0.053405655547976494
0.05341407656669617
0.0534169664606452
0.0534204775467515
0.05342844035476446
0.053429038263857365
0.053429631516337395
0.05343181826174259
0.053442761301994324
0.05344836972653866
0.05347376689314842
0.05347720440477133
0.053478884510695934
0.05348690040409565
0.053517353720963
0.0535792438313365
0.05361839570105076
0.05362879205495119
0.05363964755088091
0.05364288482815027
0.05364666506648064
0.05365013889968395
0.05365026369690895
0.05365218035876751
0.0536693949252367
0.0536792716011405
0.053697883151471615
0.053717030212283134
0.053750582970678806
0.053767869248986244
0.05377207789570093
0.05377865303307772
0.05379544850438833
0.053796447813510895
0.053809587843716145
0.05382227525115013
0.053825671784579754
0.053838505409657955
0.05384613946080208
0.05385472346097231
0.053864896297454834
0.05386501923203468
0.053883823566138744
0.05388828180730343
0.053919184021651745
0.05392016377300024
0.05394015274941921
0.0539429597556591
0.053963334299623966
0.053965579718351364
0.05397159978747368
0.053999816067516804
0.05402435176074505
0.054028838872909546
0.05403754487633705
0.05404417961835861
0.05405919812619686
0.054069504141807556
0.05407020170241594
0.054081350564956665
0.05408861022442579
0.05409170873463154
0.05410447809845209
0.05413876473903656
0.05414543580263853
0.054159956984221935
0.05416967440396547
0.05419235397130251
0.054195836186409
0.05422431603074074
0.05423296242952347
0.05426678527146578
0.054293480701744556
0.05433169286698103
0.05434207618236542
0.054345776326954365
0.054351107217371464
0.05436275992542505
0.05438651889562607
0.05443451553583145
0.054437948390841484
0.05445145629346371
0.05447990447282791
0.05451770219951868
0.054536077193915844
0.054547498002648354
0.05459766834974289
0.05460400693118572
0.054641323164105415
0.05466030165553093
0.05467788130044937
0.05469116196036339
0.05476853437721729
0.05479494761675596
0.05481262784451246
0.054846249520778656
0.054874736815690994
0.054957699961960316
0.05498460493981838
0.05498536862432957
0.054998572915792465
0.05501894187182188
0.05506110563874245
0.05512127559632063
0.055148438550531864
0.0551737267524004
0.05522114131599665
0.05522796884179115
0.055228495970368385
0.05526455119252205
0.055278751999139786
0.05534645728766918
0.055369194597005844
0.055413225665688515
0.055431654676795006
0.05543963983654976
0.05547314789146185
0.055475834757089615
0.055477709509432316
0.05551146902143955
0.055535552091896534
0.0556098036468029
0.05563866999000311
0.05583962984383106
0.05584833398461342
0.05587173346430063
0.05587697308510542
0.055937073193490505
0.05599532928317785
0.056013673543930054
0.056141029112041
0.05621728301048279
0.05624798685312271
0.05630174279212952
0.05637694150209427
0.05638150405138731
0.05641105491667986
0.05646597687155008
0.05649180710315704
0.05650411359965801
0.05679983552545309
0.05705897696316242
0.057083689607679844
0.05715247709304094
0.057214112021028996
0.05722170043736696
0.05727615766227245
0.05741083808243275
0.057434024289250374
0.05743718519806862
0.05745067819952965
0.05753378011286259
0.05753520876169205
0.05760000552982092
0.05761158000677824
0.05768962111324072
0.057744783349335194
0.057776082307100296
0.057780674658715725
0.057797279208898544
0.05780183803290129
0.05783175025135279
0.05784297175705433
0.05786016769707203
0.05790132377296686
0.057948035188019276
0.057960210368037224
0.05798756144940853
0.05799994431436062
0.05800785217434168
0.05801150482147932
0.05801761243492365
0.05803475435823202
0.05806459300220013
0.05808250326663256
0.0581608796492219
0.05817363318055868
0.05818240437656641
0.05818529613316059
0.05819755233824253
0.05822146311402321
0.05822847597301006
0.058228516951203346
0.058231606148183346
0.05824234150350094
0.05825696233659983
0.05825712066143751
0.058257319033145905
0.05826371721923351
0.05829060077667236
0.05830446071922779
0.05830671079456806
0.058319373056292534
0.058351680636405945
0.058371816761791706
0.05842718854546547
0.05843407288193703
0.058470568619668484
0.05852933321148157
0.058529384434223175
0.05853595957159996
0.05855321604758501
0.058578635565936565
0.058589325286448
0.05860376264899969
0.05860897805541754
0.05863277614116669
0.058635734021663666
0.05864346493035555
0.05868030898272991
0.05868214089423418
0.05870083346962929
0.05871799401938915
0.05875022988766432
0.05875818617641926
0.05877974722534418
0.058784423395991325
0.05881940666586161
0.0588421355932951
0.05888270493596792
0.05898366030305624
0.05900356639176607
0.05906549654901028
0.05912746675312519
0.05913690011948347
0.05915013700723648
0.05918600782752037
0.05919844005256891
0.05923226196318865
0.05923349969089031
0.05928841046988964
0.05938829481601715
0.05943505931645632
0.05943937320262194
0.05944754369556904
0.05946831591427326
0.05950464215129614
0.05960657726973295
0.05964085832238197
0.05964117310941219
0.05968404654413462
0.05971474852412939
0.059727299958467484
0.05984718631953001
0.060071032494306564
0.06008089426904917
0.06019126437604427
0.06022995337843895
0.06023110821843147
0.060282946564257145
0.06033496093004942
0.06038064323365688
0.060414294712245464
0.0604690732434392
0.060472176410257816
0.060483867302536964
0.06108763627707958
0.061230363324284554
0.06124921049922705
0.061441765166819096
0.06160432565957308
0.06179787777364254
0.062043423764407635
0.06234576925635338
0.06238351762294769
0.06253105401992798
0.0625949501991272
0.06265201512724161
0.0628099674358964
0.06282940227538347
0.06290120538324118
0.0629065278917551
0.06295780558139086
0.0630335146561265
0.06309557054191828
0.0631449231877923
0.0631457269191742
0.06315028108656406
0.06316811498254538
0.06323302164673805
0.06323380582034588
0.06339038908481598
0.0634386595338583
0.06351751927286386
0.06358540151268244
0.06360353156924248
0.06362627260386944
0.06371289119124413
0.06373303011059761
0.06373571418225765
0.06373872328549623
0.06378727313131094
0.06403676886111498
0.06404219567775726
0.0640744986012578
0.0641334941610694
0.06416098866611719
0.0644706143066287
0.06452446151524782
0.06456642784178257
0.06459093932062387
0.06465994194149971
0.06482952181249857
0.0648373169824481
0.0648895911872387
0.0651061786338687
0.06519334483891726
0.06530484650284052
0.06531315017491579
0.06567645724862814
0.06569426506757736
0.0657248180359602
0.06591580621898174
0.06601522956043482
0.06717737577855587
0.06722574215382338
0.06750567816197872
0.06771427392959595
0.06800814159214497
0.06830099504441023
0.06833220832049847
0.0684598172083497
0.06848401203751564
0.06854524184018373
0.06874320283532143
0.06902056839317083
0.06915070582181215
0.06950807198882103
0.06951289903372526
0.06956065725535154
0.06994166132062674
0.07051711529493332
0.07055870350450277
0.07080951146781445
0.07248754426836967
0.07326982449740171
0.07331973407417536
0.07350860442966223
0.07392291724681854
0.07433337438851595
0.07449110317975283
0.07459831144660711
0.0754341408610344
0.07572150323539972
0.07718217000365257
0.07782252691686153
0.07865472231060266
0.078730508685112
0.07971482910215855
0.07997761014848948
0.08007992804050446
0.08084924425929785
0.08113269414752722
0.08133827615529299
0.08156182616949081
0.08198790438473225
0.08365046698600054
0.08425026573240757
0.084855898283422
0.08490805793553591
0.08604970015585423
0.08642752189189196
0.08717545587569475
0.08743532281368971
0.08857688587158918
0.09028393868356943
0.09064447786659002
0.09071223065257072
0.09136090986430645
0.09162064734846354
0.09169389959424734
0.09172555897384882
0.09206721745431423
0.0950911333784461
0.09543365519493818
0.09589421097189188
0.09790502302348614
0.09989413805305958
0.09998893551528454
0.10113449767231941
0.10414281394332647
0.10506408382207155
0.10543379280716181
0.1059733908623457
0.10878640320152044
0.10951202176511288
0.11045772302895784
0.11270522605627775
0.1153954965993762
0.11664499901235104
0.11701520811766386
0.11782529205083847
0.11918161250650883
0.11959857400506735
0.12089714966714382
0.12211034819483757
0.12290059961378574
0.12547925859689713
0.12585442885756493
0.1264733774587512
0.1275158179923892
0.12994059268385172
0.13076507858932018
0.13125796057283878
0.13135833851993084
0.13140267506241798
0.1319430721923709
0.13243577908724546
0.1357043907046318
0.1357199978083372
0.13574192114174366
0.1359281362965703
0.136045734398067
0.13608261477202177
0.13758067227900028
0.14034616947174072
0.14066747203469276
0.14123017154634
0.14228218607604504
0.1444832682609558
0.14460062887519598
0.14562709629535675
0.14665956608951092
0.146726967766881
0.14703053794801235
0.1490989252924919
0.15121879428625107
0.15301237720996141
0.15382271073758602
0.15540903341025114
0.15708590019494295
0.1607513101771474
0.16151922103017569
0.16493199858814478
0.16499706264585257
0.16508405096828938
0.16637173295021057
0.16647467575967312
0.1683612996712327
0.17184126842767
0.1729148654267192
0.1734154401347041
0.17576021421700716
0.17756557185202837
0.1793450377881527
0.17963589914143085
0.18090299237519503
0.18122659157961607
0.18184298370033503
0.1851579286158085
0.1856400640681386
0.18622230645269156
0.18669294379651546
0.1881187604740262
0.1895128209143877
0.19145878590643406
0.19616097304970026
0.19669692125171423
0.2021433413028717
0.20223735459148884
0.20259557105600834
0.20670903846621513
0.2117477860301733
0.2135084206238389
0.21572996489703655
0.21587307844311
0.21600800473242998
0.21612631250172853
0.21615763381123543
0.21617208421230316
0.21626769099384546
0.21648510731756687
0.21812465973198414
0.22125328984111547
0.2234260831028223
0.228361033834517
0.2319259401410818
0.23677564039826393
0.23871500324457884
0.24001471605151892
0.24133455753326416
0.24484453164041042
0.2460049455985427
0.24958994798362255
0.2530934829264879
0.25346319284290075
0.2536952029913664
0.2538007879629731
0.2538892915472388
0.2542348522692919
0.25775037705898285
0.2611957537010312
0.26672286726534367
0.2724657403305173
0.2743412358686328
0.27878648694604635
0.2799153756350279
0.28324307687580585
0.2857368066906929
0.2887124950066209
0.2887435909360647
0.2893843036144972
0.28954020980745554
0.28976633213460445
0.2899040086194873
0.2919976068660617
0.29350495152175426
0.2936254097148776
0.2951438967138529
0.29547047801315784
0.2980877719819546
0.29827623069286346
0.29850942082703114
0.3026409223675728
0.30595781933516264
0.30832782946527004
0.31337467208504677
0.32022375613451004
0.32506326399743557
0.3292344808578491
0.3333142204210162
0.3358530467376113
0.3395488327369094
0.33954939898103476
0.3434730460867286
0.34354489017277956
0.3461388563737273
0.34867370408028364
0.34979159757494926
0.35333109833300114
0.35861921310424805
0.36306963860988617
0.3680813256651163
0.372889107093215
0.376296890899539
0.38026946876198053
0.3835711386054754
0.38667331729084253
0.3918969966471195
0.3923513777554035
0.39261728804558516
0.39275553077459335
0.3956676637753844
0.3965563587844372
0.39956132508814335
0.40131900925189257
0.40472360234707594
0.4050213871523738
0.4094609571620822
0.4151486326009035
0.41862202156335115
0.4240111680701375
0.42808756045997143
0.4289548611268401
0.4339039698243141
0.43540039379149675
0.4386263135820627
0.43908809311687946
0.44137158151715994
0.4424344878643751
0.44363468512892723
0.4441104494035244
0.4470397215336561
0.4470619158819318
0.4481486640870571
0.45061979070305824
0.4515663040801883
0.45207890775054693
0.4525048593059182
0.45750622916966677
0.4611298767849803
0.46141871996223927
0.46510329097509384
0.46986137703061104
0.47245189920067787
0.4762395704165101
0.4775926936417818
0.4800993297249079
0.48036293033510447
0.483155763708055
0.484997414983809
0.48738028667867184
0.4880710570141673
0.48894436843693256
0.49244976975023746
0.4933690316975117
0.49370913207530975
0.4957617549225688
0.4959915755316615
0.5004828404635191
0.500488699413836
0.5040550157427788
0.505110046826303
0.507557712495327
0.5079079139977694
0.5095943072810769
0.5096275126561522
0.51403649430722
0.518232305534184
0.5184526750817895
0.5203691748902202
0.5229063155129552
0.5244601536542177
0.5273921163752675
0.5288913827389479
0.5292734410613775
0.5313277114182711
0.5331537323072553
0.5334423845633864
0.5335216782987118
0.5337110245600343
0.5349319595843554
0.5352216269820929
0.5355782592669129
0.5367866270244122
0.5368043826892972
0.5382484830915928
0.5393476663157344
0.5398758063092828
0.5414422852918506
0.542104915715754
0.5425097336992621
0.5442153159528971
0.5461190212517977
0.5482637891545892
0.5529871974140406
0.5530774276703596
0.5539525737985969
0.557320742867887
0.5585349071770906
0.5600392166525126
0.5619222605600953
0.5620375899598002
0.5622516386210918
0.564153497107327
0.5667105736210942
0.5702504450455308
0.5711374133825302
0.5720653608441353
0.5738576808944345
0.5749178705736995
0.5760831004008651
0.5768605722114444
0.579393083229661
0.5800648666918278
0.5822161035612226
0.5842647710815072
0.584610978141427
0.5846687564626336
0.5867696404457092
0.5868901563808322
0.5872556157410145
0.5890405951067805
0.5898227216675878
0.5902144219726324
0.5912993447855115
0.5913479439914227
0.5919640650972724
0.5951764415949583
0.5967333232983947
0.5969435246661305
0.5971122682094574
0.5990532217547297
0.6006114399060607
0.6009271182119846
0.6011105244979262
0.6013306388631463
0.6015852345153689
0.6032477347180247
0.6032512476667762
0.6036814460530877
0.6042247833684087
0.6043039374053478
0.604796726256609
0.6055158665403724
0.6056988863274455
0.6060379594564438
0.6077083302661777
0.6101092211902142
0.6108707934617996
0.6116607952862978
0.611813286319375
0.6159683084115386
0.6202809978276491
0.6258316142484546
0.6301833754405379
0.6312416009604931
0.6319590723142028
0.6343739684671164
0.6345134871080518
0.6368044065311551
0.6368583757430315
0.6405936479568481
0.6414446430280805
0.6416736291721463
0.6422245157882571
0.6430690418928862
0.6440951349213719
0.6493177535012364
0.6540521439164877
0.6578469071537256
0.6619464615359902
0.6667084442451596
0.6687578074634075
0.6722413552924991
0.6725718947127461
0.6762723559513688
0.6772770946845412
0.6811279011890292
0.682310595177114
0.682673703879118
0.6861112071201205
0.686289781704545
0.6864416338503361
0.6889278581365943
0.6894875233992934
0.6897088997066021
0.6949698263779283
0.6980568710714579
0.699658035300672
0.700387011282146
0.7037043636664748
0.7044960400089622
0.706979688256979
0.7080127038061619
0.7118704477325082
0.7123473286628723
0.7180995503440499
0.7231587776914239
0.7233018884435296
0.7274842839688063
0.7280456060543656
0.7293636472895741
0.7327238572761416
0.7331531578674912
0.7362876981496811
0.7374608805403113
0.7382278805598617
0.7394277509301901
0.7424691244959831
0.7439720677211881
0.7460339665412903
0.7493323422968388
0.7534264074638486
0.7579882331192493
0.7582891136407852
0.7621709452942014
0.7626397488638759
0.7628233535215259
0.7644684240221977
0.7653796849772334
0.7679003989323974
0.768821207806468
0.7688422743231058
0.7727816672995687
0.7770630531013012
0.7781941434368491
0.7797797052189708
0.7845270307734609
0.7882779650390148
0.7927466044202447
0.7957199541851878
0.7958322847262025
0.7976030856370926
0.8010875461623073
0.8017222238704562
0.8044623089954257
0.8055133633315563
0.8055268479511142
0.8074963083490729
0.8094970006495714
0.8108968595042825
0.8115713782608509
0.8137487350031734
0.8157544499263167
0.8164663352072239
0.818956839852035
0.8196161463856697
0.8210279261693358
0.8241045726463199
0.8253447813913226
0.8282026834785938
0.8285359358415008
0.8297283286228776
0.832096473313868
0.8343558879569173
0.8354673916473985
0.8368706041947007
0.8402282539755106
0.8421381795778871
0.8449166649952531
0.8453390039503574
0.845750312320888
0.8496492756530643
0.8500061966478825
0.8521532658487558
0.8543489091098309
0.854823537170887
0.855089402757585
0.8555920151993632
0.8564761513844132
0.8569717137143016
0.8574869744479656
0.8589691994711757
0.8592430111020803
0.8597512692213058
0.8601500196382403
0.8604301111772656
0.8611961342394352
0.8613298116251826
0.8622165312990546
0.8639561394229531
0.8644198253750801
0.8656026748940349
0.8667155802249908
0.8667216720059514
0.8668090188875794
0.8668366968631744
0.8692857725545764
0.8696696097031236
0.8704971391707659
0.8706487799063325
0.8709344696253538
0.8709913240745664
0.8717070166021585
0.8724972596392035
0.8745260378345847
0.8746325615793467
0.8751237234100699
0.8752354364842176
0.8755151107907295
0.8758799163624644
0.8768341094255447
0.8769783452153206
0.8789606299251318
0.8791220504790545
0.8795349271968007
0.8797019515186548
0.8807788537815213
0.8812058791518211
0.8823256399482489
0.8826114917173982
0.8828633548691869
0.8834444750100374
0.8841272555291653
0.8848208095878363
0.885768236592412
0.886080832220614
0.886191051453352
0.8866404769942164
0.8875396642833948
0.8904367852956057
0.8909710720181465
0.8913326915353537
0.894872440956533
0.8957015033811331
0.8960735416039824
0.8976924642920494
0.9003995349630713
0.9022250017151237
0.9043045584112406
0.9074262706562877
0.9109988994896412
0.9136824393644929
0.9181230524554849
0.9217731636017561
0.9238048922270536
0.9254432609304786
0.9264646554365754
0.9265804262831807
0.927811561152339
0.9327173521742225
0.9378057727590203
0.942176628857851
0.9464107388630509
0.9490032298490405
0.9506587516516447
0.9539826279506087
0.9553318787366152
0.9586557587608695
0.9598025307059288
0.9631790751591325
0.9666005820035934
0.9699022816494107
0.9722464764490724
0.9730800995603204
0.974112855270505
0.9746725596487522
0.9770673103630543
0.9774265792220831
0.9793041665107012
0.9811273217201233
0.9813276026397943
0.9832576056942344
0.9846299262717366
0.9878030084073544
0.9887477261945605
0.9888672018423676
0.9928333684802055
0.9936570711433887
0.9943315023556352
0.9956977786496282
0.9981803121045232
0.9986886996775866
1.0025108866393566
1.0026743784546852
1.005078905262053
1.0054416041821241
1.0074520483613014
1.0091096991673112
1.0092271529138088
1.01376096252352
1.0146146211773157
1.0148731460794806
1.018809867091477
1.0188275231048465
1.0192834055051208
1.0194938499480486
1.0200056796893477
1.0206123385578394
1.0233674617484212
1.024464113637805
1.024624657817185
1.025968217290938
1.0306988582015038
1.0324115427210927
1.033651844598353
1.0338733522221446
1.0380280977115035
1.038063202984631
1.0405441913753748
1.0411047358065844
1.0413322756066918
1.0427185790613294
1.0443098172545433
1.0447581866756082
1.0450069475919008
1.0453099925071
1.0454925931990147
1.0480850646272302
1.0483411569148302
1.0499960612505674
1.0509854825213552
1.0512051051482558
1.0539319533854723
1.054257893934846
1.0584926325827837
1.0593764344230294
1.0595269659534097
1.0634208107367158
1.0642005698755383
1.0651138490065932
1.0655864356085658
1.0656051328405738
1.066962270066142
1.070841890759766
1.0740270968526602
1.0741728115826845
1.07744175568223
1.07871603500098
1.0791577026247978
1.0804974222555757
1.0840978426858783
1.0854097679257393
1.0867196079343557
1.0897970041260123
1.0907484833151102
1.0938552301377058
1.095661890693009
1.097008147276938
1.0975704854354262
1.0994836809113622
1.1008599009364843
1.1011421084403992
1.1027601147070527
1.1052359258756042
1.1067302664741874
1.1068508541211486
1.1076406128704548
1.10916711948812
1.1094846352934837
1.1103378124535084
1.1116134207695723
1.114964027889073
1.114979392848909
1.116559979505837
1.1195934265851974
1.1196882417425513
1.1211685668677092
1.1211879579350352
1.123858205974102
1.1250159963965416
1.125070865266025
1.1272584488615394
1.130173378624022
1.1318690720945597
1.1321584563702345
1.1364010581746697
1.1365747526288033
1.1374981692060828
1.1378728784620762
1.1409767167642713
1.1428679525852203
1.1449876967817545
1.1455960469320416
1.145775587297976
1.1471864115446806
1.1487514525651932
1.1502088475972414
1.1504924483597279
1.1513088373467326
1.1515062265098095
1.152164009399712
1.1522298604249954
1.152890964411199
1.1529158521443605
1.1534103583544493
1.1539636440575123
1.1556059503927827
1.1559025179594755
1.1567937582731247
1.1578507414087653
1.1592040723189712
1.161545225419104
1.16230727173388
1.1626914674416184
1.164865174330771
1.1662668092176318
1.1673399796709418
1.1685557728633285
1.1695221532136202
1.1699577001854777
1.1701914751902223
1.1723642330616713
1.173844595439732
1.174182684160769
1.1751658096909523
1.1762020513415337
1.1763067608699203
1.176385692320764
1.1783411921933293
1.178694138303399
1.1801466681063175
1.1810331381857395
1.1811484228819609
1.1814306322485209
1.1816013613715768
1.1829064628109336
1.1835847003385425
1.1850172067061067
1.185442198999226
1.185803484171629
1.1867728000506759
1.1880240151658654
1.1880505438894033
1.188416593708098
1.1889122044667602
1.190144956111908
1.191160561516881
1.1913931798189878
1.1922487830743194
1.1924366056919098
1.192757347598672
1.1930006658658385
1.1930305175483227
1.1939524607732892
1.1967560220509768
1.19678704906255
1.1972822602838278
1.197411802597344
1.1984039219096303
1.2007120996713638
1.201528687030077
1.2026381567120552
1.2026446275413036
1.202944252640009
1.2042173547670245
1.2061125580221415
1.2068943036720157
1.2070698328316212
1.2072827415540814
1.20796266105026
1.2085304940119386
1.2108250129967928
1.2108478248119354
1.2115599336102605
1.2118266029283404
1.2119422750547528
1.212223831564188
1.2151930863037705
1.2158776335418224
1.2166231581941247
1.2169779539108276
1.217322964221239
1.2197832223027945
1.2202166160568595
1.220857661217451
1.221831338480115
1.2224783841520548
1.2225608173757792
1.2241039415821433
1.225872621871531
1.2266997955739498
1.2271925508975983
1.227658111602068
1.2280867472290993
1.2301037199795246
1.2309105647727847
1.2313587479293346
1.231677540577948
1.2322643855586648
1.234630972146988
1.2361469930037856
1.2365689715370536
1.237166240811348
1.2375895595178008
1.2400349900126457
1.241785952821374
1.241980499587953
1.2448289599269629
1.2456379011273384
1.2461026441305876
1.246532586403191
1.2469907449558377
1.2511312402784824
1.2534884354099631
1.2575121689587831
1.2628434598445892
1.263514275662601
1.2654119906947017
1.2655242625623941
1.2664345651865005
1.267944771796465
1.268400120548904
1.2723143547773361
1.2746033631265163
1.2786801308393478
1.283036857843399
1.2865112228319049
1.2881379500031471
1.2887255307286978
1.2887364011257887
1.289311341010034
1.2900839019566774
1.291683068498969
1.2922904239967465
1.2924209730699658
1.2930633518844843
1.29395383130759
1.294854847714305
1.2959240125492215
1.2959324968978763
1.2973532509058714
1.298120970837772
1.2982508055865765
1.2994770500808954
1.2998849507421255
1.300673141144216
1.3024741597473621
1.3027968565002084
1.3041777722537518
1.3042203588411212
1.3045552400872111
1.3049428099766374
1.3055200995877385
1.3059927430003881
1.3062745993956923
1.3071565590798855
1.3074830658733845
1.3085194062441587
1.309988516382873
1.3104129349812865
1.3106904411688447
1.3118344005197287
1.313058415427804
1.313066229224205
1.3132437849417329
1.3132637469097972
1.313500452786684
1.313824693672359
1.3139001550152898
1.3145259926095605
1.3154143244028091
1.3161594280973077
1.31687733810395
1.3169021354988217
1.3173506325110793
1.3189669726416469
1.3189959013834596
1.3203792311251163
1.3205123161897063
1.3206172557547688
1.322126961313188
1.3230601204559207
1.3235465520992875
1.3235860895365477
1.3236372210085392
1.3236413626000285
1.3245591735467315
1.324729329906404
1.3251233054324985
1.3252635030075908
1.3270779978483915
1.328176399692893
1.3282651975750923
1.3284095134586096
1.3287995774298906
1.3288930021226406
1.3297680737450719
1.3311840975657105
1.3320942400023341
1.333735211752355
1.3349948711693287
1.3392622889950871
1.3402519477531314
1.3406961150467396
1.3409875091165304
1.3412439180538058
1.3413677476346493
1.3415602948516607
1.3416924504563212
1.343843188136816
1.3444930333644152
1.3482839930802584
1.348965178243816
1.34942867141217
1.3497852012515068
1.351903690956533
1.35249787196517
1.3531212070956826
1.3536583129316568
1.3547038296237588
1.3554798010736704
1.3580514239147305
1.3592642052099109
1.3593288008123636
1.3594353450462222
1.3611282100901008
1.3613850474357605
1.3627830082550645
1.363320728763938
1.3637917777523398
1.3642524434253573
1.3660828238353133
1.36683055665344
1.3671387014910579
1.3672023974359035
1.3682238832116127
1.3684571916237473
1.3701920611783862
1.3702933937311172
1.370772779919207
1.3709065457805991
1.3712487388402224
1.3714919798076153
1.372794241644442
1.373375702649355
1.3737638695165515
1.374885623343289
1.3749681701883674
1.3749971808865666
1.3751240456476808
1.3758123684674501
1.375990454107523
1.3775910511612892
1.3779322877526283
1.3781604329124093
1.3781665237620473
1.3783782962709665
1.3785805692896247
1.3786504743620753
1.3796484544873238
1.3796952813863754
1.3797791115939617
1.3803467452526093
1.3806041339412332
1.38214055262506
1.3825477892532945
1.3828457342460752
1.3830372216179967
1.3831251980736852
1.3833962436765432
1.3842188995331526
1.384222960099578
1.384992690756917
1.385119842365384
1.385138439014554
1.3853320581838489
1.3855470102280378
1.3856380367651582
1.3862312696874142
1.386745098978281
1.3869073688983917
1.3870222847908735
1.3872715719044209
1.3882654150947928
1.3886081324890256
1.3894259873777628
1.3894881270825863
1.3903993358835578
1.390671119093895
1.3911991026252508
1.3914859564974904
1.391667915508151
1.3930101729929447
1.3932071700692177
1.3937634965404868
1.3942834539338946
1.3943441193550825
1.3944621831178665
1.3945566667243838
1.39459287840873
1.3948599081486464
1.3949806056916714
1.3955646203830838
1.395611461251974
1.3956350348889828
1.3958427803590894
1.396109932102263
1.3961494555696845
1.396261740475893
1.3966754116117954
1.397321349941194
1.3978565707802773
1.3979543605819345
1.3979566833004355
1.397960745729506
1.3980703493580222
1.3989876890555024
1.3990045068785548
1.3990797782316804
1.3991217399016023
1.399666485376656
1.399801773019135
1.4000189630314708
1.4001641543582082
1.4001811984926462
1.4002363244071603
1.4002979872748256
1.4012717986479402
1.4013041611760855
1.4015736132860184
1.401731662452221
1.402042348869145
1.4026457546278834
1.4029553271830082
1.4030765816569328
1.4034976456314325
1.4035210022702813
1.4035364370793104
1.4039219319820404
1.40428386349231
1.4043322801589966
1.405125631019473
1.405587412416935
1.4057662934064865
1.4057667898014188
1.4057870656251907
1.4058427205309272
1.4059554133564234
1.4061136823147535
1.4061311166733503
1.4062622217461467
1.4066624632105231
1.4072170155122876
1.4075681744143367
1.407740962691605
1.407937484793365
1.4084384944289923
1.4087428962811828
1.4087643455713987
1.4089155560359359
1.409058989956975
1.4092731308192015
1.4096132731065154
1.4096175022423267
1.4096603067591786
1.409680750221014
1.4097832590341568
1.4098774613812566
1.4100107783451676
1.41011724434793
1.410138649865985
1.4101634994149208
1.4102632915601134
1.4103571446612477
1.410385088995099
1.4104199027642608
1.4106159303337336
1.4106305250898004
1.4107400914654136
1.4107432141900063
1.4107605963945389
1.4109672158956528
1.4109740499407053
1.4113208400085568
1.411742253229022
1.4117525517940521
1.4120695861056447
1.4121370865032077
1.4122238215059042
1.4126701299101114
1.412702638655901
1.413488213904202
1.4135103523731232
1.4136468740180135
1.4139498444274068
1.4140630196779966
1.4141546478495002
1.4144232971593738
1.4145647436380386
1.4146402813494205
1.4148756070062518
1.4152817521244287
1.4153175298124552
1.4155703075230122
1.4156622476875782
1.4156846925616264
1.4157215068116784
1.4159429427236319
1.4160903366282582
1.4163614874705672
1.4164077825844288
1.4167575119063258
1.4170175297185779
1.4170866962522268
1.4171881638467312
1.4178327666595578
1.4184314142912626
1.4184570582583547
1.418503277003765
1.4185286927968264
1.418835991062224
1.418925610370934
1.4191094869747758
1.4191268142312765
1.4192196652293205
1.419590993784368
1.4199492456391454
1.4200296197086573
1.420055154711008
1.4205433502793312
1.4207881409674883
1.4208074994385242
1.4209341248497367
1.421049201861024
1.421342077665031
1.4214077927172184
1.421456290408969
1.4217216474935412
1.4218510333448648
1.4220438254997134
1.4224916324019432
1.4225580263882875
1.4226277777925134
1.4229920031502843
1.4230237631127238
1.4231407595798373
1.4239198379218578
1.4242158308625221
1.424710601568222
1.4247237537056208
1.424955664202571
1.4251036178320646
1.4251134553924203
1.4255380611866713
1.4257884677499533
1.4258297178894281
1.4258941933512688
1.4260625829920173
1.4262522589415312
1.426315726712346
1.426662907935679
1.4267000993713737
1.4267409201711416
1.4269665004685521
1.427063706330955
1.4274078039452434
1.4274932350963354
1.4286640342324972
1.4286803770810366
1.4287779945880175
1.4288392746821046
1.4292485117912292
1.4294050484895706
1.4298832109197974
1.4300842015072703
1.4301496762782335
1.4301602309569716
1.430246789008379
1.4306083200499415
1.4307333640754223
1.4308566404506564
1.4310408625751734
1.4310873532667756
1.4311858639121056
1.4312150701880455
1.4312153402715921
1.4313111966475844
1.4313198495656252
1.4316235203295946
1.4322782047092915
1.4323934512212873
1.4328298280015588
1.4334238395094872
1.4337193444371223
1.4339636601507664
1.4342179857194424
1.4347318541258574
1.4348062677308917
1.4352957671508193
1.4354128297418356
1.4355166992172599
1.435587354004383
1.4357588971033692
1.4361296780407429
1.4361372729763389
1.4362129839137197
1.4363581649959087
1.436561451293528
1.4367081029340625
1.4368523433804512
1.4369948524981737
1.437534425407648
1.43761589191854
1.4377221250906587
1.4378226548433304
1.4386632964015007
1.4394610151648521
1.4398091938346624
1.4400076661258936
1.4400281747803092
1.4400331191718578
1.440137549303472
1.4401529394090176
1.4402045672759414
1.4403115501627326
1.4403292322531343
1.4411560036242008
1.4412607131525874
1.4413298666477203
1.44189172424376
1.4419010328128934
1.4422922171652317
1.4423348074778914
1.442465185187757
1.442594138905406
1.4432614892721176
1.444021021015942
1.444047236815095
1.4445405676960945
1.444642330519855
1.4446788858622313
1.4447024911642075
1.4447965435683727
1.4453229065984488
1.4456039257347584
1.4456495940685272
1.446216071024537
1.4462660988792777
1.4462934024631977
1.4463581116870046
1.446567906998098
1.4467510031536222
1.446772356517613
1.4468603730201721
1.446902982890606
1.4469037968665361
1.447150306776166
1.4476350955665112
1.4488848047330976
1.4496758859604597
1.4501054594293237
1.4501999765634537
1.450327123515308
1.4504184015095234
1.450450424104929
1.450802025385201
1.4508628603070974
1.4508997425436974
1.451054871082306
1.4510832568630576
1.451355597935617
1.4517414029687643
1.4519731858745217
1.4520257962867618
1.452257457189262
1.45227141212672
1.4523678105324507
1.452584195882082
1.4530394598841667
1.4530642246827483
1.4533020611852407
1.4534969190135598
1.4548095911741257
1.4550680564716458
1.4553137831389904
1.4556371634826064
1.455704726278782
1.4559886185452342
1.4565602643415332
1.4565716935321689
1.456712300889194
1.4568424401804805
1.4568967865779996
1.457030531950295
1.4578439658507705
1.4579769633710384
1.4583608033135533
1.4585149623453617
1.458612191490829
1.4588896837085485
1.459792971611023
1.4603684432804585
1.4604505226016045
1.460753794759512
1.460976054891944
1.461133592762053
1.4615245340391994
1.4616007125005126
1.4621268771588802
1.4621400302276015
1.4622622290626168
1.4627002654597163
1.4630040489137173
1.4637111891061068
1.4638788178563118
1.4642425710335374
1.4646435538306832
1.4649825990200043
1.4659635135903955
1.4669319242238998
1.467672293074429
1.469551027752459
1.471467811614275
1.4715718338266015
1.4718918222934008
1.4731589099392295
1.4743773937225342
1.4762034565210342
1.4782815342769027
1.4814741853624582
1.4828812219202518
1.4859055588021874
1.4866367038339376
1.4887238377705216
1.4910851828753948
1.4918209239840508
1.4966853205114603
1.497392052784562
