0.036703324876725674
0.036778795532882214
0.037053138948976994
0.03721589967608452
0.03730726521462202
0.037389256060123444
0.03747566509991884
0.03767048195004463
0.037685408256947994
0.037838212214410305
0.037842013873159885
0.03789024148136377
0.03790473937988281
0.03792382497340441
0.03793005831539631
0.03795955702662468
0.03797989618033171
0.03798321820795536
0.03798513766378164
0.03801231551915407
0.03804471530020237
0.038062265142798424
0.03807062841951847
0.03808062430471182
0.03810260538011789
0.03817182872444391
0.03820613957941532
0.03820754960179329
0.038218336179852486
0.03828746825456619
0.03829578496515751
0.03830560855567455
0.038309721276164055
0.03835420683026314
0.03836813569068909
0.03837160672992468
0.03837816324084997
0.03839925490319729
0.03841782547533512
0.038439735770225525
0.03845279011875391
0.03847873583436012
0.038485935889184475
0.03851590305566788
0.03853082004934549
0.03854724485427141
0.038551042787730694
0.03855137713253498
0.03855699393898249
0.03859131224453449
0.03859700355678797
0.03859756048768759
0.038647208362817764
0.03866157867014408
0.038690018467605114
0.03870865982025862
0.03872650861740112
0.03873659949749708
0.0387397101148963
0.038743700832128525
0.0387490326538682
0.03876402508467436
0.03878059517592192
0.038783952593803406
0.03882055263966322
0.03884197771549225
0.0388753917068243
0.03887740336358547
0.038883041590452194
0.03888614568859339
0.03888857923448086
0.0388965867459774
0.03892582934349775
0.038939750753343105
0.03894292563199997
0.03895553667098284
0.038962116464972496
0.038975476287305355
0.03900458198040724
0.03901211638003588
0.03902138117700815
0.039028712548315525
0.03903782367706299
0.039040543138980865
0.03907326329499483
0.03907350543886423
0.03907612897455692
0.03910192847251892
0.039106471464037895
0.03910669777542353
0.03912120219320059
0.03912375681102276
0.03912684693932533
0.039131248369812965
0.039143189787864685
0.039153083227574825
0.03916667401790619
0.03922190610319376
0.03922486212104559
0.03925924655050039
0.0392958614975214
0.039301526732742786
0.039302775636315346
0.039304887875914574
0.03933691419661045
0.039350385777652264
0.039363110437989235
0.03940088953822851
0.03940248489379883
0.039405385963618755
0.03940589539706707
0.03940862417221069
0.039443789049983025
0.0394518980756402
0.03945709578692913
0.03947323374450207
0.03948462475091219
0.03948654234409332
0.0394876878708601
0.03948795422911644
0.039506890811026096
0.03953257016837597
0.03955166041851044
0.03958933427929878
0.039597962982952595
0.03960206639021635
0.03960747178643942
0.0396113395690918
0.03963606711477041
0.03963942639529705
0.03964363504201174
0.039648802019655704
0.039650741033256054
0.039656318724155426
0.03967202361673117
0.03967735171318054
0.039680895395576954
0.03968634828925133
0.039697440341115
0.03970460221171379
0.03970851842314005
0.03971052076667547
0.03971870616078377
0.039719801396131516
0.03973780665546656
0.039777351543307304
0.039781889878213406
0.0397982532158494
0.039800659753382206
0.03980202041566372
0.03980599530041218
0.039810496382415295
0.03981332294642925
0.03981888294219971
0.03982016071677208
0.03983222600072622
0.039832682348787785
0.03984061162918806
0.03985133860260248
0.039868611842393875
0.0398785350844264
0.0398807879537344
0.03988833539187908
0.03989915922284126
0.03990739956498146
0.039916967041790485
0.03992181085050106
0.0399460531771183
0.03994813375174999
0.03995611518621445
0.039966645650565624
0.039992290548980236
0.040009801276028156
0.040036181919276714
0.04005921632051468
0.040067827329039574
0.04007444065064192
0.04007510840892792
0.04007748048752546
0.040094790048897266
0.040114669129252434
0.040117984637618065
0.040122286416590214
0.040123273618519306
0.04015911091119051
0.04015939310193062
0.040171283297240734
0.04020525887608528
0.04022581782191992
0.040236677043139935
0.04030387755483389
0.040354976430535316
0.040383435785770416
0.04042016342282295
0.040431869216263294
0.04047681391239166
0.04048713110387325
0.04049383383244276
0.04050437826663256
0.040529574267566204
0.04053176939487457
0.04054298344999552
0.04055260960012674
0.04058351460844278
0.04061123821884394
0.040633815340697765
0.040637691505253315
0.04067385755479336
0.04073903802782297
0.04074605740606785
0.040785910561680794
0.04079417325556278
0.04080420918762684
0.040820132941007614
0.04084150493144989
0.04084424860775471
0.040848348289728165
0.04087717551738024
0.04090621508657932
0.0409591319039464
0.040965208783745766
0.04096785560250282
0.04100773297250271
0.04108028020709753
0.04112317692488432
0.0412213085219264
0.0412291819229722
0.041286139748990536
0.04129074700176716
0.04132615961134434
0.04135629162192345
0.041371164843440056
0.04138608742505312
0.04141560290008783
0.04152519628405571
0.041655818931758404
0.041709594428539276
0.041747513227164745
0.04175618104636669
0.04175873473286629
0.0417695976793766
0.04177705477923155
0.04178581200540066
0.04178582318127155
0.041786206886172295
0.04180895909667015
0.04181543178856373
0.04181663133203983
0.041818627156317234
0.04182300716638565
0.04182935506105423
0.04183118883520365
0.04185420274734497
0.04185911640524864
0.04187174513936043
0.04187648743391037
0.04188642092049122
0.04189029708504677
0.041896285489201546
0.041939133778214455
0.0419518081471324
0.041962805204093456
0.041964112780988216
0.04198966175317764
0.04199832957237959
0.04201831575483084
0.04202005732804537
0.04204491898417473
0.04204787593334913
0.04204860143363476
0.04205205570906401
0.04205833002924919
0.04206130560487509
0.04208515118807554
0.04209225159138441
0.04210089426487684
0.04210641887038946
0.04211375676095486
0.042138476856052876
0.04213939979672432
0.042153540067374706
0.042163338512182236
0.0421824399381876
0.04218595288693905
0.042186127975583076
0.04219131916761398
0.04219508171081543
0.04220111574977636
0.04221356753259897
0.04222672898322344
0.042227402329444885
0.04222832806408405
0.04222990572452545
0.04223188851028681
0.04224230907857418
0.04224504251033068
0.042246646247804165
0.04224800877273083
0.04225039575248957
0.042257254011929035
0.04225800186395645
0.0422603115439415
0.04226066078990698
0.0422609094530344
0.042263951152563095
0.042267571203410625
0.0422733286395669
0.04227716755121946
0.042280690744519234
0.04228079225867987
0.04228318762034178
0.04228500463068485
0.04229110386222601
0.04229251388460398
0.04229441937059164
0.042295703664422035
0.04229879751801491
0.04230355005711317
0.04230398405343294
0.04230435285717249
0.04231037385761738
0.04231062065809965
0.042311583645641804
0.04231483396142721
0.04231605399399996
0.04231762886047363
0.042317683808505535
0.04231773316860199
0.04231869988143444
0.04232195392251015
0.04232364147901535
0.04232652951031923
0.042330252937972546
0.04233195818960667
0.04233197681605816
0.04233540780842304
0.04233592003583908
0.042338090017437935
0.042339032515883446
0.042339141480624676
0.04234985262155533
0.042351482436060905
0.04235175624489784
0.04235214274376631
0.04235227778553963
0.042359200306236744
0.0423593083396554
0.04235993046313524
0.042360054329037666
0.04236055538058281
0.04236070718616247
0.04236082639545202
0.042364257387816906
0.04237156640738249
0.042374489828944206
0.042375256307423115
0.042378353886306286
0.04237870313227177
0.042379784397780895
0.042381483130156994
0.042382084764540195
0.04238269943743944
0.042383112013339996
0.04238581843674183
0.04238766897469759
0.04238863568753004
0.04239165224134922
0.042394453659653664
0.042397341690957546
0.04239771235734224
0.042397819459438324
0.04239961504936218
0.04240135569125414
0.04240455385297537
0.04240915924310684
0.04240934643894434
0.042412769980728626
0.042415112257003784
0.04241777490824461
0.0424208901822567
0.042422669008374214
0.042422980070114136
0.04242424760013819
0.04242550488561392
0.04242715146392584
0.04242734704166651
0.04242904204875231
0.042430050671100616
0.042430466040968895
0.04243070539087057
0.04243431147187948
0.04243499878793955
0.04243866354227066
0.042440938763320446
0.042441148310899734
0.04244185332208872
0.04245164431631565
0.04245166666805744
0.04245363362133503
0.042455678805708885
0.04245590139180422
0.04245729185640812
0.042458586394786835
0.042461078613996506
0.042463527992367744
0.0424636285752058
0.04246429819613695
0.042466625571250916
0.042470178566873074
0.042472658678889275
0.0424730172380805
0.0424734391272068
0.0424754386767745
0.04247942753136158
0.04248005338013172
0.0424808245152235
0.042482477612793446
0.0424826517701149
0.042483724653720856
0.04248453304171562
0.04248753469437361
0.04248774889856577
0.042491200380027294
0.042494877241551876
0.04249782580882311
0.04250145424157381
0.042502556927502155
0.04250403121113777
0.04250542353838682
0.04250671248883009
0.04250752180814743
0.04250815138220787
0.04250994324684143
0.04251047130674124
0.04251245968043804
0.04251442104578018
0.04251789767295122
0.0425261277705431
0.04252693988382816
0.04252853710204363
0.04252920299768448
0.04253068845719099
0.042532955296337605
0.042535994201898575
0.04254079516977072
0.04254789464175701
0.04255099780857563
0.04255290701985359
0.04255361296236515
0.042556832544505596
0.04255717061460018
0.042559368535876274
0.04255968425422907
0.04256623610854149
0.042567869648337364
0.042569019831717014
0.04257404990494251
0.04258027579635382
0.04258124530315399
0.042581853456795216
0.042582460679113865
0.04258941672742367
0.04259426333010197
0.042597854509949684
0.042599959298968315
0.04260460566729307
0.04260898008942604
0.04260960128158331
0.04261133912950754
0.04261789657175541
0.04261862859129906
0.04262475483119488
0.04262693226337433
0.04262771550565958
0.042631130665540695
0.04263926483690739
0.04264014307409525
0.04264429956674576
0.04264976270496845
0.042660001665353775
0.04266036208719015
0.042672453448176384
0.04267356917262077
0.0426748925819993
0.0426759272813797
0.04268035851418972
0.042681229300796986
0.04268642142415047
0.04268926475197077
0.04268998187035322
0.04269167501479387
0.04269490763545036
0.04270085599273443
0.042701452039182186
0.042701625265181065
0.04270302504301071
0.04271121136844158
0.042713494040071964
0.042717031203210354
0.04272328410297632
0.04272725433111191
0.042730096727609634
0.042731912806630135
0.04274943936616182
0.042754920199513435
0.04275859612971544
0.04275935981422663
0.04276002664119005
0.042762890458106995
0.04276724625378847
0.04277030751109123
0.042773845605552197
0.04277425166219473
0.042777013033628464
0.04278371762484312
0.042785223573446274
0.042788492515683174
0.04278984013944864
0.04279580060392618
0.04279808979481459
0.042799741961061954
0.04280083812773228
0.042803109623491764
0.042808097787201405
0.04280857928097248
0.04281091317534447
0.04281393811106682
0.04281568620353937
0.04282260034233332
0.04282290581613779
0.04282439686357975
0.042827218770980835
0.04283212870359421
0.04284270107746124
0.042845106683671474
0.04284605849534273
0.042847344651818275
0.04285151604562998
0.04285540897399187
0.04286057036370039
0.04286092519760132
0.04287017975002527
0.04287516791373491
0.04287700727581978
0.04287715442478657
0.04287858493626118
0.04288551025092602
0.042886785231530666
0.042887269519269466
0.04289363697171211
0.042894490994513035
0.04289668146520853
0.04289750196039677
0.04289899580180645
0.04291157238185406
0.04291436728090048
0.04292155150324106
0.042923763394355774
0.042924574576318264
0.04292701277881861
0.04293094668537378
0.042932720854878426
0.04293333739042282
0.04293521773070097
0.04294327646493912
0.04294522665441036
0.04294778034090996
0.04295001458376646
0.04295649938285351
0.04295779764652252
0.04296116065233946
0.042963363230228424
0.042968034744262695
0.0429683830589056
0.04296880681067705
0.04297200683504343
0.04297207947820425
0.04297444969415665
0.04297497309744358
0.0429753540083766
0.04297598171979189
0.04297870397567749
0.04297918360680342
0.042987008579075336
0.04298731591552496
0.042991711758077145
0.04299406986683607
0.04299494158476591
0.04299591574817896
0.04299652948975563
0.04299806896597147
0.04299834929406643
0.04300149902701378
0.04300383571535349
0.043009042739868164
0.04301095940172672
0.0430118553340435
0.043014065362513065
0.04301789589226246
0.04301833640784025
0.04302460514008999
0.043025627732276917
0.04302666522562504
0.043026966974139214
0.04303157236427069
0.04303224850445986
0.04303353186696768
0.0430365689098835
0.04303966648876667
0.04304017871618271
0.04304284602403641
0.043043303303420544
0.043043652549386024
0.04304674919694662
0.04304960463196039
0.04305204190313816
0.04305241722613573
0.04305441491305828
0.043054671958088875
0.0430583693087101
0.04306065756827593
0.04306236933916807
0.04306306503713131
0.04306529462337494
0.04306647554039955
0.04306684620678425
0.04307727422565222
0.043084170669317245
0.043090907856822014
0.043092348612844944
0.04309465549886227
0.04310194496065378
0.04310266114771366
0.043108281679451466
0.043109423480927944
0.04311494715511799
0.043115981854498386
0.043124230578541756
0.043125118128955364
0.043126669712364674
0.04312809184193611
0.04312831722199917
0.0431344835087657
0.04313592053949833
0.043141026981174946
0.04314772877842188
0.043148329481482506
0.043149775825440884
0.04315160308033228
0.04315535631030798
0.04315705597400665
0.04315738193690777
0.04317886009812355
0.043186516501009464
0.043188572861254215
0.04319004341959953
0.04319218918681145
0.0431958194822073
0.043197693303227425
0.0432056188583374
0.04320900421589613
0.043215702287852764
0.04321575164794922
0.04321975726634264
0.043224177323281765
0.04322583507746458
0.04323117434978485
0.04323258902877569
0.04324108362197876
0.04324815142899752
0.04325022175908089
0.04325519874691963
0.043262130580842495
0.04326358437538147
0.04327966645359993
0.043283578008413315
0.04328729771077633
0.04329062346369028
0.04329761862754822
0.04330481495708227
0.043311988934874535
0.043317098170518875
0.043319907039403915
0.04332659766077995
0.04332850780338049
0.04334539733827114
0.043363774195313454
0.043366377241909504
0.04337090253829956
0.043382602743804455
0.04338848777115345
0.043389979749917984
0.043396200984716415
0.04339646361768246
0.043397558853030205
0.043398759327828884
0.04339914210140705
0.04340019263327122
0.043401848524808884
0.04340243153274059
0.04340485855937004
0.04340752027928829
0.04341086186468601
0.04342903848737478
0.043432194739580154
0.04343713913112879
0.0434449277818203
0.04344518482685089
0.04345161560922861
0.04345822241157293
0.04345869831740856
0.04346084967255592
0.043464538641273975
0.04346616566181183
0.04346934147179127
0.04347583558410406
0.04347921907901764
0.043481189757585526
0.04348235763609409
0.04348552040755749
0.04348769411444664
0.043488090857863426
0.04349137004464865
0.04349433537572622
0.04350359085947275
0.04351847339421511
0.04351931344717741
0.04352778010070324
0.04353846609592438
0.043549603782594204
0.04355053324252367
0.043553008697927
0.0435709347948432
0.04358336981385946
0.04358408320695162
0.04359949938952923
0.043602111749351025
0.043602206744253635
0.04361375607550144
0.04362883232533932
0.043629592284560204
0.04363044258207083
0.04363441187888384
0.0436434680595994
0.04364997614175081
0.043650365434587
0.04365678783506155
0.04366097506135702
0.043665044009685516
0.043692572042346
0.043693482875823975
0.04371396731585264
0.04371719993650913
0.04372589383274317
0.0437276903539896
0.04373325686901808
0.04374153073877096
0.04374300315976143
0.043765269219875336
0.04376997426152229
0.0437744315713644
0.04378474876284599
0.043788800947368145
0.043793548829853535
0.04380079172551632
0.043801356106996536
0.043812516145408154
0.04381546285003424
0.04381732363253832
0.043818322010338306
0.04382240492850542
0.0438280263915658
0.043833970092236996
0.043840669095516205
0.043845588341355324
0.04387367144227028
0.04387407470494509
0.043878245167434216
0.04389157611876726
0.043895632959902287
0.04390405397862196
0.043922172859311104
0.043938569724559784
0.04395757894963026
0.04395927581936121
0.04397663660347462
0.04397804569453001
0.04397955723106861
0.04397997818887234
0.04399645235389471
0.04401428624987602
0.04402479249984026
0.04404324106872082
0.04404563084244728
0.044047802686691284
0.04406617395579815
0.044069197960197926
0.04408143553882837
0.044086968526244164
0.04408762697130442
0.04409930855035782
0.04412250407040119
0.04412640351802111
0.0441457275301218
0.044149890542030334
0.04415048845112324
0.04415384866297245
0.044167863205075264
0.0441721398383379
0.04418069031089544
0.044185525737702847
0.044191005639731884
0.04419774282723665
0.04419809579849243
0.04420670960098505
0.044228412210941315
0.04423252120614052
0.044240172021090984
0.04425429925322533
0.04425560496747494
0.04426607955247164
0.04426923766732216
0.04427079018205404
0.04427211359143257
0.04427310544997454
0.04427335411310196
0.044280752539634705
0.04428507573902607
0.04428831022232771
0.04431190341711044
0.04435268696397543
0.04435713402926922
0.04436351265758276
0.04437202028930187
0.04439305327832699
0.04439781326800585
0.04440233111381531
0.0444213654845953
0.044424486346542835
0.0444371085613966
0.044437858276069164
0.044441488571465015
0.04444901831448078
0.0444517508149147
0.04445733781903982
0.04445771127939224
0.04446146823465824
0.04446297790855169
0.044464441016316414
0.044467054307460785
0.04446735791862011
0.04447239078581333
0.04447253979742527
0.04449767991900444
0.04450492933392525
0.044507103972136974
0.044511367566883564
0.04452200327068567
0.044533658772706985
0.04454072751104832
0.044547148048877716
0.04454809706658125
0.044562055729329586
0.04457527957856655
0.04457563813775778
0.0445869667455554
0.044587829150259495
0.04459720756858587
0.04461137857288122
0.04461575485765934
0.04463082738220692
0.0446317819878459
0.044631936587393284
0.04463263228535652
0.044637247920036316
0.04464240837842226
0.04464380443096161
0.04468003660440445
0.04468660242855549
0.04468917101621628
0.04469050280749798
0.04469508305191994
0.0447061387822032
0.04471257422119379
0.04473264701664448
0.04473686031997204
0.04473869316279888
0.04477336257696152
0.044777547009289265
0.044790091924369335
0.04479040298610926
0.04479878954589367
0.04480568040162325
0.04480632208287716
0.044810039922595024
0.0448105288669467
0.04482495877891779
0.04482871666550636
0.04483421612530947
0.04483500123023987
0.044839018024504185
0.044841768220067024
0.04484353493899107
0.04484699945896864
0.04484884161502123
0.044873785227537155
0.0448752585798502
0.04488110076636076
0.04488230682909489
0.044889834709465504
0.04489623475819826
0.0448986878618598
0.0449009919539094
0.044905696995556355
0.0449071666225791
0.04491257108747959
0.044916046783328056
0.04491651710122824
0.04492679052054882
0.04492908716201782
0.04494469426572323
0.044945466332137585
0.044945983216166496
0.044946189038455486
0.04494660533964634
0.044951641000807285
0.04495739284902811
0.04496761318296194
0.04497415293008089
0.04498742800205946
0.04498773254454136
0.04498903267085552
0.044992358423769474
0.045009792782366276
0.045011608861386776
0.04502375330775976
0.04503190144896507
0.04503869917243719
0.04504008870571852
0.04505546111613512
0.04506564233452082
0.04507563542574644
0.045078144408762455
0.045098708011209965
0.04510081373155117
0.04510124772787094
0.04510585684329271
0.04510878399014473
0.04512368980795145
0.04512512683868408
0.04514249972999096
0.045143320225179195
0.04515055287629366
0.045154993422329426
0.04516100883483887
0.04516976326704025
0.0451704366132617
0.04517751280218363
0.04520158562809229
0.045207361690700054
0.04522002674639225
0.04522366542369127
0.045230754651129246
0.04523198399692774
0.04523249622434378
0.045234658755362034
0.04523829650133848
0.0452549671754241
0.045274741016328335
0.04528472572565079
0.04532711114734411
0.045330426655709743
0.04534053336828947
0.04534598998725414
0.04534817021340132
0.04535167571157217
0.0453595956787467
0.045360476709902287
0.04538127686828375
0.04538396652787924
0.045403653755784035
0.04540698230266571
0.045408341102302074
0.04541178047657013
0.04541277792304754
0.0454134875908494
0.04541478864848614
0.045421321876347065
0.04543223883956671
0.04543234035372734
0.04545926954597235
0.045462414622306824
0.04548684135079384
0.04548967722803354
0.04549363721162081
0.04550870694220066
0.04550915863364935
0.04551818408071995
0.045531440526247025
0.04553166963160038
0.045548444613814354
0.04556606151163578
0.04556902591139078
0.04556976351886988
0.04557417333126068
0.04558198247104883
0.045584579929709435
0.04559200629591942
0.045599183067679405
0.04560330510139465
0.04561306070536375
0.04562673531472683
0.04562717769294977
0.04563091602176428
0.045650407671928406
0.04565060418099165
0.04566133953630924
0.045671647414565086
0.04568107798695564
0.04568133223801851
0.04569252859801054
0.045693885535001755
0.04569506738334894
0.04569612629711628
0.04570894408971071
0.04570899624377489
0.04571133852005005
0.04571731202304363
0.045728471130132675
0.04573157336562872
0.04574782121926546
0.04574821889400482
0.045750975608825684
0.0457513015717268
0.04575382638722658
0.04575706087052822
0.045780424028635025
0.045790926553308964
0.04579355288296938
0.04579399526119232
0.045801389031112194
0.045801546424627304
0.04580562375485897
0.045806785114109516
0.045807876624166965
0.04581406619399786
0.04584122635424137
0.04586081113666296
0.045861019752919674
0.04586288891732693
0.045866768807172775
0.045867501758039
0.04587339796125889
0.0458763325586915
0.045895565301179886
0.04589928966015577
0.045907674357295036
0.045909345149993896
0.04591247998178005
0.045913927257061005
0.04591997619718313
0.045920612290501595
0.0459349462762475
0.04594105761498213
0.045942336320877075
0.04595754761248827
0.04597680177539587
0.04597831331193447
0.04597880318760872
0.04599337838590145
0.04599920567125082
0.04600621946156025
0.04600664880126715
0.046017711982131004
0.04602205567061901
0.04603163246065378
0.04604804236441851
0.046063764952123165
0.046065015718340874
0.04606761131435633
0.04607269447296858
0.04607351776212454
0.046087934635579586
0.046098627150058746
0.046108441427350044
0.04613611102104187
0.046138081699609756
0.046154625713825226
0.04615805950015783
0.046159129589796066
0.046172249130904675
0.04619705490767956
0.04620738327503204
0.0462094945833087
0.04620996676385403
0.04621843434870243
0.04625470098108053
0.04625670425593853
0.046260339207947254
0.04626146890223026
0.04626188613474369
0.046261971816420555
0.046267895959317684
0.04626832157373428
0.046269423328340054
0.046293698251247406
0.04629782121628523
0.04630857426673174
0.046314507722854614
0.046328227035701275
0.046333277598023415
0.04633560962975025
0.04635291546583176
0.046359386295080185
0.046363567002117634
0.04636605363339186
0.046370781026780605
0.04637235216796398
0.04637497570365667
0.0463832039386034
0.046383557841181755
0.04638482537120581
0.04638485889881849
0.04639274999499321
0.04639862570911646
0.046400525607168674
0.04640564229339361
0.0464096711948514
0.046418722718954086
0.04642964154481888
0.046437570825219154
0.046438055112957954
0.046442849561572075
0.046448422595858574
0.04646079894155264
0.04646080173552036
0.04646847117692232
0.046469260938465595
0.04646979458630085
0.0464739166200161
0.0464812982827425
0.04648319538682699
0.046491654589772224
0.04650269169360399
0.04652380757033825
0.046537126414477825
0.046537953428924084
0.04654046706855297
0.046555264852941036
0.046560343354940414
0.046579014509916306
0.04658021219074726
0.046581244096159935
0.046590656042099
0.04659413918852806
0.04661285784095526
0.046619356609880924
0.04665085580199957
0.04665518831461668
0.04666373133659363
0.046674879267811775
0.04668737109750509
0.04671436548233032
0.04671481717377901
0.04671741463243961
0.046732837334275246
0.046744029968976974
0.046748463064432144
0.046749262139201164
0.04678607918322086
0.04679321590811014
0.04679452255368233
0.0467987721785903
0.04680312238633633
0.04680352192372084
0.046804008074104786
0.046825312077999115
0.04683443903923035
0.046838139183819294
0.04684111289680004
0.046843668445944786
0.04684986546635628
0.046856547705829144
0.04686292540282011
0.04686369467526674
0.04686599504202604
0.046874938532710075
0.0468819085508585
0.04688574746251106
0.04690416343510151
0.046906936913728714
0.0469089662656188
0.046912798658013344
0.046916473656892776
0.04691938776522875
0.046925971284508705
0.04693221114575863
0.04695302993059158
0.04696200508624315
0.046973373740911484
0.04697720520198345
0.046980058774352074
0.046987819485366344
0.04699448589235544
0.046996491961181164
0.04700320027768612
0.04701258800923824
0.047014499083161354
0.04701960552483797
0.04702765494585037
0.047028327360749245
0.04704398475587368
0.047060659155249596
0.04707173630595207
0.04708603210747242
0.04710705950856209
0.04711485095322132
0.047131333500146866
0.047133421525359154
0.04713666345924139
0.047141097486019135
0.04714544955641031
0.047151862643659115
0.047167690470814705
0.04718209616839886
0.047184135764837265
0.04718485753983259
0.047211576253175735
0.04722378309816122
0.047247180715203285
0.047248413786292076
0.047265187837183475
0.04728017374873161
0.04728162381798029
0.047286635264754295
0.04730340279638767
0.04730881843715906
0.04731194954365492
0.04731662757694721
0.04731697682291269
0.04732067044824362
0.047321160323917866
0.047324204817414284
0.047325847670435905
0.04733017086982727
0.04733152035623789
0.04733685590326786
0.047338470816612244
0.047339397482573986
0.04734143428504467
0.04734951350837946
0.0473550483584404
0.04737230855971575
0.04737384896725416
0.047399070113897324
0.04740437678992748
0.047405244782567024
0.04741025809198618
0.047416471876204014
0.047419458627700806
0.0474212346598506
0.04742442909628153
0.0474316431209445
0.047433759085834026
0.047436644323170185
0.0474432148039341
0.04745002556592226
0.04745825193822384
0.04746087174862623
0.047463235445320606
0.04746611602604389
0.04746618866920471
0.04747431166470051
0.047477724961936474
0.04748586844652891
0.04749343544244766
0.04750598222017288
0.047508121468126774
0.04752257186919451
0.04754957277327776
0.047562980093061924
0.04756539314985275
0.0475736428052187
0.047582006081938744
0.047599468380212784
0.04760870151221752
0.0476093627512455
0.04761396534740925
0.047624279744923115
0.047627306543290615
0.04764760285615921
0.047653453424572945
0.04767064191401005
0.047684190794825554
0.04768488556146622
0.04770324658602476
0.047708396799862385
0.047729240730404854
0.047750286757946014
0.04776520561426878
0.04776560049504042
0.047768862918019295
0.04778927564620972
0.047814762219786644
0.047820537351071835
0.04783637449145317
0.04784927610307932
0.04786798171699047
0.0478696133941412
0.04787142388522625
0.04787201900035143
0.047873541712760925
0.047882930375635624
0.0478945542126894
0.04790022689849138
0.04790228791534901
0.047917941585183144
0.047918316908180714
0.04792737681418657
0.04793007671833038
0.048007575795054436
0.04801564943045378
0.04802103526890278
0.04804924316704273
0.048080322332680225
0.04809511359781027
0.048121050000190735
0.04812797624617815
0.0481519503518939
0.04818450007587671
0.048189977183938026
0.04822264052927494
0.04823584482073784
0.048245869576931
0.0482653072103858
0.04827090073376894
0.048285857774317265
0.048356352373957634
0.04836094565689564
0.048415292985737324
0.048435124568641186
0.048514390364289284
0.04851656034588814
0.04855225421488285
0.04866985697299242
0.04873333126306534
0.04876524955034256
0.04876540694385767
0.04877839609980583
0.04884233511984348
0.04884349834173918
0.04886705335229635
0.04886728525161743
0.048961905762553215
0.04898679815232754
0.049073380418121815
0.04912315774708986
0.04918419010937214
0.04923751950263977
0.049320210702717304
0.04938323702663183
0.04939713701605797
0.04942512884736061
0.049432807601988316
0.04944697953760624
0.04953001718968153
0.04962049797177315
0.049632616341114044
0.04968426376581192
0.04969381354749203
0.049700031988322735
0.04983988590538502
0.049841588363051414
0.04984726943075657
0.04986177384853363
0.04990025423467159
0.04992250073701143
0.04994303826242685
0.04994500707834959
0.04997082520276308
0.04997852724045515
0.04998032283037901
0.049985616467893124
0.050033411011099815
0.05006225220859051
0.050064207054674625
0.05007851403206587
0.05007866211235523
0.05009313579648733
0.05010302737355232
0.05011521000415087
0.050120359286665916
0.05012902710586786
0.05013821180909872
0.05020096618682146
0.05020206328481436
0.05020865425467491
0.050211889669299126
0.05024481564760208
0.050261600874364376
0.05026679765433073
0.050275418907403946
0.05028290767222643
0.0503021776676178
0.05031756777316332
0.050323777832090855
0.05032571032643318
0.050345093943178654
0.05036150012165308
0.05037455912679434
0.05038157571107149
0.050382076762616634
0.05040993355214596
0.050410205498337746
0.05041193962097168
0.05041213892400265
0.050421735271811485
0.05042453948408365
0.050429942086339
0.050433190539479256
0.05043548718094826
0.05045872833579779
0.05046630650758743
0.05048283375799656
0.05048574134707451
0.050497446209192276
0.0504995109513402
0.05050238408148289
0.05050874687731266
0.05051020998507738
0.050517499446868896
0.05052692163735628
0.05053246673196554
0.05053375009447336
0.05054062232375145
0.05054299999028444
0.05054387263953686
0.05054885894060135
0.05056721344590187
0.05056807678192854
0.050576986744999886
0.05057806707918644
0.05058100260794163
0.05058901943266392
0.05059090908616781
0.05059796292334795
0.05059900879859924
0.050601137802004814
0.05060248542577028
0.05060280114412308
0.05060851667076349
0.05061065498739481
0.0506126107648015
0.050615048967301846
0.05062034260481596
0.05062135308980942
0.050623937509953976
0.050634847953915596
0.05063949432224035
0.05064053926616907
0.05065182223916054
0.05065970029681921
0.05066391546279192
0.050675797276198864
0.05068393982946873
0.05069812387228012
0.05070212855935097
0.05070741567760706
0.05071322340518236
0.05071376636624336
0.05071774497628212
0.050720447674393654
0.05072285886853933
0.050730288960039616
0.050738075748085976
0.05074450094252825
0.05078184511512518
0.05079098604619503
0.050843365490436554
0.05084442999213934
0.050847253762185574
0.05084998346865177
0.0508650541305542
0.050867537036538124
0.05088776536285877
0.05089298263192177
0.05090815480798483
0.05091769341379404
0.050951008684933186
0.050960296764969826
0.05101033207029104
0.05103000532835722
0.05103189218789339
0.051039380952715874
0.0510460427030921
0.051050761714577675
0.05105257034301758
0.05107336025685072
0.05107563827186823
0.051083264872431755
0.05108352657407522
0.051123496145009995
0.05112521443516016
0.051132139749825
0.05114602670073509
0.05114786233752966
0.05114863906055689
0.05116735864430666
0.05120592284947634
0.05120933521538973
0.0512210363522172
0.05125228129327297
0.05127068981528282
0.05128094367682934
0.051291740499436855
0.0512995608150959
0.05130275897681713
0.051324743777513504
0.05135182663798332
0.051426131278276443
0.051527795381844044
0.05152815021574497
0.051566109992563725
0.05157702788710594
0.051592232659459114
0.051601897925138474
0.051604933105409145
0.0516178123652935
0.051643515937030315
0.05168916471302509
0.051692044362425804
0.051740591414272785
0.05175216309726238
0.05176607519388199
0.05176774971187115
0.05187622830271721
0.051967788487672806
0.05203083623200655
0.052059353329241276
0.052083500660955906
0.05210056807845831
0.05214740056544542
0.052155631594359875
0.05220081936568022
0.05234385188668966
0.05236492957919836
0.05241017043590546
0.052410438656806946
0.05244106147438288
0.05244164913892746
0.05252270679920912
0.05253028590232134
0.05256678722798824
0.05257076304405928
0.05258374288678169
0.05260132160037756
0.05268061440438032
0.05271932017058134
0.0527449743822217
0.05276689026504755
0.05280878767371178
0.05283523816615343
0.05284018814563751
0.05288591701537371
0.05290354788303375
0.05292937159538269
0.052970852702856064
0.053006263449788094
0.05301388259977102
0.05301481764763594
0.05304084811359644
0.05309930723160505
0.05323712062090635
0.0532950209453702
0.05333193298429251
0.05345066450536251
0.05350371729582548
0.05354589782655239
0.053584969602525234
0.05360289476811886
0.05377937946468592
0.05383241642266512
0.05383383110165596
0.053873500786721706
0.0538792759180069
0.0538891302421689
0.05401484575122595
0.05406737234443426
0.05412338674068451
0.05419718939810991
0.05425230786204338
0.054365125484764576
0.054409222677350044
0.054489764384925365
0.05458458513021469
0.05458710342645645
0.05459079332649708
0.05460636503994465
0.054667199961841106
0.05467341374605894
0.05467987060546875
0.05471594259142876
0.05483389552682638
0.05495181679725647
0.05505907814949751
0.05517331976443529
0.05519687104970217
0.05528359394520521
0.055285374633967876
0.055370149202644825
0.05547964107245207
0.05557127669453621
0.05565287731587887
0.05570310354232788
0.05570796970278025
0.0559366699308157
0.055956557393074036
0.05619947798550129
0.05684639513492584
0.0570408683270216
0.057066068053245544
0.057158092968165874
0.05717727914452553
0.05725027807056904
0.05817214213311672
0.05836212635040283
0.05836658738553524
0.05838548485189676
0.05863622482866049
0.05863823834806681
0.05865117721259594
0.05866430792957544
0.058668031357228756
0.05870236735790968
0.058749440126121044
0.058767312206327915
0.058782235719263554
0.05886322073638439
0.059169976972043514
0.05920591298490763
0.059269885532557964
0.05945042986422777
0.05965696461498737
0.05969025008380413
0.05977097898721695
0.05985014699399471
0.05995325557887554
0.06002352852374315
0.06002404633909464
0.060103764757514
0.06021986622363329
0.0602745246142149
0.06032890919595957
0.060645440593361855
0.061225161887705326
0.061450994573533535
0.06166153773665428
0.06187050510197878
0.06189868412911892
0.06217548716813326
0.06257166899740696
0.06266179122030735
0.06268575880676508
0.06272173952311277
0.06358691863715649
0.06401995569467545
0.0644954452291131
0.06607071030884981
0.06620459631085396
0.06634607538580894
0.06643286347389221
0.0666171619668603
0.06740124896168709
0.0675543062388897
0.06770713068544865
0.06784430146217346
0.06950396858155727
0.07006038725376129
0.07034422177821398
0.07060441933572292
0.07139644958078861
0.0714541207998991
0.0719106774777174
0.07277096807956696
0.0734600629657507
0.07519289199262857
0.07714385259896517
0.07719987165182829
0.07883401494473219
0.07895260490477085
0.07991125527769327
0.08439264539629221
0.08585517108440399
0.08734525181353092
0.08793916273862123
0.0935735059902072
0.09499774314463139
0.09555917605757713
0.09905257821083069
0.10158547759056091
0.10299349669367075
0.10326915420591831
0.10909576620906591
0.10938855912536383
0.10991499293595552
0.11492943298071623
0.11642962880432606
0.11682093981653452
0.11711030639708042
0.11726052220910788
0.11957633122801781
0.11997899506241083
0.12200115155428648
0.12221078854054213
0.12504073232412338
0.12518789526075125
0.12544063478708267
0.1265896251425147
0.12732911575585604
0.12765643931925297
0.13244653400033712
0.13283140677958727
0.13419895339757204
0.1342051951214671
0.13747341372072697
0.13787418697029352
0.13835924118757248
0.1409735707566142
0.14120027516037226
0.14259393606334925
0.14285765029489994
0.14362063072621822
0.14769004005938768
0.14839625172317028
0.14938669372349977
0.14949083980172873
0.14972151070833206
0.15044148545712233
0.15052327886223793
0.15223747119307518
0.15274920873343945
0.15385617222636938
0.1562792155891657
0.15806474070996046
0.15822697058320045
0.15888678934425116
0.1590906484052539
0.1593541158363223
0.1593787670135498
0.16133200097829103
0.1633526412770152
0.16499209683388472
0.1656599035486579
0.16601923946291208
0.16744270641356707
0.16792644187808037
0.16927248425781727
0.17037524841725826
0.17069217935204506
0.17200714256614447
0.17466181982308626
0.17521979194134474
0.17570726852864027
0.17860808037221432
0.17987618874758482
0.18271892797201872
0.1866581467911601
0.18751563411206007
0.19104767590761185
0.19414339400827885
0.19424870610237122
0.19468666892498732
0.19872626196593046
0.20116059854626656
0.20177702978253365
0.20244530215859413
0.20612327475100756
0.20799049269407988
0.20938740950077772
0.210018128156662
0.21751019824296236
0.21794157195836306
0.22489082999527454
0.22524819523096085
0.2258109673857689
0.231958226300776
0.23203830141574144
0.23370551224797964
0.23386953584849834
0.23888392187654972
0.23921924643218517
0.24031141679733992
0.24186940118670464
0.24671749584376812
0.2468015057966113
0.2479113331064582
0.24911207985132933
0.25566118210554123
0.25641125813126564
0.263127189129591
0.2640490522608161
0.2642414215952158
0.27110528387129307
0.27158166002482176
0.27202263940125704
0.2728104908019304
0.2789638675749302
0.2792337089776993
0.2793605485931039
0.28126770816743374
0.2856956273317337
0.2868475401774049
0.28893567342311144
0.2929883738979697
0.29627286829054356
0.2967808274552226
0.30074920412153006
0.3012402728199959
0.3019519643858075
0.3034200808033347
0.3040825081989169
0.3041862268000841
0.30753748677670956
0.3110134908929467
0.31130191031843424
0.3114696918055415
0.3124247416853905
0.3177658971399069
0.31923296954482794
0.3198793074116111
0.3199990838766098
0.320268077775836
0.32339612394571304
0.3239942919462919
0.3247805405408144
0.32688388135284185
0.327013174071908
0.327702478505671
0.3278327314183116
0.33016517478972673
0.3314855117350817
0.3316503223031759
0.3345025638118386
0.3347323555499315
0.3348568556830287
0.3350979592651129
0.3368053585290909
0.3379078255966306
0.3380108494311571
0.33856548089534044
0.33869866002351046
0.33888971246778965
0.3390819728374481
0.3392655737698078
0.3392798164859414
0.3401835383847356
0.3403388075530529
0.3403424443677068
0.3403522092849016
0.34043046459555626
0.3408129010349512
0.3439883003011346
0.3443371066823602
0.3446838529780507
0.3458196818828583
0.345865398645401
0.34621941670775414
0.34649831522256136
0.3465992948040366
0.3468913557007909
0.3470246661454439
0.3473066193982959
0.35146804992109537
0.35173550713807344
0.3517456576228142
0.3522017039358616
0.3529802989214659
0.3531145267188549
0.35367551632225513
0.3537063216790557
0.3542038965970278
0.3542789872735739
0.3546003336086869
0.35482443775981665
0.3567386828362942
0.3592924242839217
0.35998161416500807
0.36019653361290693
0.36104912776499987
0.36174745112657547
0.36202577594667673
0.36260890774428844
0.3627773318439722
0.3636936545372009
0.36532559152692556
0.3654510723426938
0.36740296613425016
0.36787305027246475
0.3681213427335024
0.3691260889172554
0.3702934216707945
0.37121420074254274
0.3722074432298541
0.37249813973903656
0.37289527151733637
0.376020947471261
0.37607878912240267
0.3765792874619365
0.3767554219812155
0.377754264511168
0.37794879358261824
0.3782926322892308
0.3793555162847042
0.37965021654963493
0.3808249430730939
0.38163047563284636
0.3839020412415266
0.38489279337227345
0.3849459392949939
0.3849894665181637
0.3852170091122389
0.38639287278056145
0.3866582317277789
0.38677739072591066
0.3868718547746539
0.38702447060495615
0.387370428070426
0.38822195306420326
0.388568795286119
0.3919274788349867
0.3927787933498621
0.3930462608113885
0.3936633085832
0.39377316273748875
0.39378370996564627
0.39477898087352514
0.39597276970744133
0.39605589024722576
0.39668188616633415
0.39762861654162407
0.3991232914850116
0.399214468896389
0.4002839121967554
0.4012073827907443
0.4012706018984318
0.4018618818372488
0.40318392869085073
0.40321450028568506
0.4038858413696289
0.40410047210752964
0.40429536160081625
0.40479801408946514
0.4048717813566327
0.40616297721862793
0.40709588676691055
0.4086502492427826
0.4094452979043126
0.4102283576503396
0.4105047546327114
0.41094308253377676
0.41097587812691927
0.41103208158165216
0.41131986677646637
0.4123705243691802
0.41244085039943457
0.4126928374171257
0.4128857711330056
0.41360070556402206
0.4152307566255331
0.41601733677089214
0.41714833583682775
0.4176515368744731
0.4179155621677637
0.41799467615783215
0.41835288889706135
0.4198699491098523
0.420704135671258
0.4207875691354275
0.4236782779917121
0.42425848077982664
0.4243813306093216
0.4251136379316449
0.42544190771877766
0.42577200941741467
0.4274457562714815
0.4274958837777376
0.42851110827177763
0.4285756219178438
0.4297831663861871
0.43396969698369503
0.434454302303493
0.4352617906406522
0.43660993315279484
0.4386981148272753
0.44305053167045116
0.4452716885134578
0.4505825825035572
0.45736599899828434
0.46424626745283604
