0.04222920536994934
0.044682012870907784
0.044787139631807804
0.044918556697666645
0.045053054578602314
0.04507927130907774
0.04514036513864994
0.04519996512681246
0.045218655839562416
0.04523061215877533
0.04538437910377979
0.04540853761136532
0.045428019016981125
0.0454409085214138
0.04550164472311735
0.045598575845360756
0.045613620430231094
0.04562790505588055
0.04564416594803333
0.045654055662453175
0.045660694129765034
0.04570986330509186
0.045732093043625355
0.04576804395765066
0.045794324949383736
0.04580301605165005
0.04584673419594765
0.04585976805537939
0.04588706977665424
0.045898846350610256
0.045900819823145866
0.045901560224592686
0.046019624918699265
0.046022238209843636
0.04605665244162083
0.046060835011303425
0.04606915824115276
0.04608118813484907
0.046102636493742466
0.04612321685999632
0.04615786578506231
0.04615843389183283
0.046182794496417046
0.046235102228820324
0.04623644519597292
0.046251154504716396
0.04625947214663029
0.046319566667079926
0.04635507147759199
0.046357461251318455
0.04639976192265749
0.04640186298638582
0.046416315250098705
0.0464320695027709
0.0464593879878521
0.046526720747351646
0.046550026163458824
0.046558018773794174
0.04656179714947939
0.04664657078683376
0.04667050298303366
0.04668640438467264
0.04669016506522894
0.04673239029943943
0.046750801615417004
0.046757614240050316
0.04677268583327532
0.046825189143419266
0.046861520037055016
0.046868946403265
0.0469343401491642
0.046937370672822
0.04700262565165758
0.04704706557095051
0.04706462472677231
0.047074807807803154
0.04708777740597725
0.04709343612194061
0.047094110399484634
0.04709688853472471
0.04716099705547094
0.04718418326228857
0.04718967340886593
0.04719032347202301
0.04722384922206402
0.047228110022842884
0.047257181257009506
0.04726681765168905
0.04732905328273773
0.04732980765402317
0.04733948037028313
0.04734956007450819
0.0473693972453475
0.04738316312432289
0.047416855581104755
0.04742119275033474
0.04745450150221586
0.04745651502162218
0.04745839536190033
0.047481851652264595
0.047494733706116676
0.04749573580920696
0.04750172235071659
0.047568660229444504
0.04758165031671524
0.047587993554770947
0.047632019966840744
0.047636366449296474
0.04765541944652796
0.04765986651182175
0.04768979921936989
0.04775609355419874
0.04779453482478857
0.04779693577438593
0.04779917001724243
0.04781349375844002
0.047827391885221004
0.04784175381064415
0.047844226472079754
0.04784712195396423
0.047865692526102066
0.047869025729596615
0.04788176342844963
0.04789302870631218
0.0479110274463892
0.047917318530380726
0.04793372470885515
0.047937219962477684
0.04795896541327238
0.0479874974116683
0.04799936059862375
0.04800889641046524
0.0480307238176465
0.048049069941043854
0.048051551915705204
0.04805585369467735
0.048066819086670876
0.048081379383802414
0.048109366558492184
0.04811738803982735
0.04811972379684448
0.04812130518257618
0.04814785532653332
0.04815032612532377
0.04817358870059252
0.04818141087889671
0.04819692671298981
0.0482042133808136
0.048218690790235996
0.0482206204906106
0.048254082910716534
0.048254333436489105
0.04826389532536268
0.04826867301017046
0.04826880246400833
0.048286144621670246
0.04830372892320156
0.04830894526094198
0.048309313133358955
0.0483623743057251
0.04837340489029884
0.048374516889452934
0.048386563546955585
0.04838942736387253
0.048503524623811245
0.0485167121514678
0.0485277334228158
0.048536126501858234
0.048549954779446125
0.04861210845410824
0.04865349270403385
0.04865368455648422
0.048712641932070255
0.04873549286276102
0.048749939538538456
0.0487619349732995
0.048830476589500904
0.048869065940380096
0.048894681967794895
0.04895961191505194
0.04898155387490988
0.04899242799729109
0.049041527323424816
0.049071802757680416
0.0490821935236454
0.049164026975631714
0.04920635372400284
0.049245296977460384
0.04927355423569679
0.04931761883199215
0.049324979074299335
0.04943781439214945
0.04943913780152798
0.04950609151273966
0.04953038599342108
0.04958135448396206
0.049632604233920574
0.049632628448307514
0.04971727542579174
0.0497633358463645
0.049792319536209106
0.04986504092812538
0.04987104702740908
0.049943496473133564
0.049955892376601696
0.05004483088850975
0.05007161945104599
0.050114383921027184
0.05013662297278643
0.050141531974077225
0.05015853699296713
0.05018069036304951
0.05018671229481697
0.05020054895430803
0.05020945519208908
0.05024169199168682
0.050252703949809074
0.050289418548345566
0.050290148705244064
0.05029584001749754
0.05029751732945442
0.050312139093875885
0.0503458958119154
0.05035954713821411
0.050411371514201164
0.05041295848786831
0.050437224097549915
0.050446050241589546
0.050455919466912746
0.05046129785478115
0.05047080386430025
0.050480605103075504
0.05048803240060806
0.05051680002361536
0.050530046224594116
0.05054633039981127
0.05055033229291439
0.05055122636258602
0.05055368412286043
0.050562732852995396
0.050565977580845356
0.05057022627443075
0.05058981850743294
0.05059077497571707
0.05059812031686306
0.050599551759660244
0.05060729570686817
0.0506125008687377
0.050620377995073795
0.05063062533736229
0.05063141789287329
0.050633640959858894
0.05063652154058218
0.05065581854432821
0.05066108889877796
0.05066340882331133
0.050668600015342236
0.05067052785307169
0.05067572835832834
0.05068226624280214
0.05068514123558998
0.05070940963923931
0.050710953772068024
0.050724620930850506
0.05072744004428387
0.05073164962232113
0.05075686052441597
0.050760623067617416
0.050771165639162064
0.050773413851857185
0.05077625624835491
0.05077915173023939
0.05078501161187887
0.050789051689207554
0.05078935530036688
0.050808354280889034
0.050818195566534996
0.05082026217132807
0.050822386518120766
0.05082469806075096
0.050826406106352806
0.05083676986396313
0.050839136354625225
0.0508411293849349
0.050842215307056904
0.05084589496254921
0.05084722209721804
0.05084957089275122
0.05085580516606569
0.05085624102503061
0.05086067784577608
0.050862221978604794
0.050873180851340294
0.050875408574938774
0.050875455141067505
0.05088197998702526
0.05088264402002096
0.050885661505162716
0.05088824685662985
0.050890821032226086
0.05089178401976824
0.05089667998254299
0.050908759236335754
0.050912114791572094
0.05091211944818497
0.050924946554005146
0.050930330529809
0.05093048606067896
0.05093257687985897
0.050937303341925144
0.05093800276517868
0.05094011314213276
0.05094676744192839
0.05095130391418934
0.05095370952039957
0.05095446016639471
0.050959656946361065
0.050960720516741276
0.05097039137035608
0.05098493583500385
0.05098841618746519
0.050989022478461266
0.05099814012646675
0.05099844466894865
0.05100597254931927
0.051010542549192905
0.05101839266717434
0.051020314916968346
0.05102104879915714
0.0510308975353837
0.05103926081210375
0.051043602637946606
0.051043993793427944
0.051044363528490067
0.05104617774486542
0.05106836836785078
0.051074352115392685
0.051076208241283894
0.05107634700834751
0.051077982410788536
0.051079681143164635
0.05111278686672449
0.05111348070204258
0.0511202709749341
0.05112327355891466
0.05112567078322172
0.05112854391336441
0.051131779327988625
0.05113633722066879
0.051137663424015045
0.0511383842676878
0.05114255007356405
0.05114272143691778
0.05114321503788233
0.051148079335689545
0.05115104001015425
0.05115700699388981
0.05115744471549988
0.051162002608180046
0.0511629031971097
0.05116874724626541
0.05116913840174675
0.051169867627322674
0.051179115660488605
0.05118049308657646
0.05118805821985006
0.0511915422976017
0.051192679442465305
0.05119415931403637
0.051195017993450165
0.05119984596967697
0.05120832286775112
0.051210603676736355
0.05121085327118635
0.05123052652925253
0.05123077426105738
0.051233298145234585
0.051233960315585136
0.05123553238809109
0.051239702850580215
0.05124171543866396
0.051251525059342384
0.05125407688319683
0.05125797167420387
0.05126029532402754
0.05128183215856552
0.05128248129040003
0.05128603521734476
0.05128922779113054
0.05128924176096916
0.051296512596309185
0.05129836406558752
0.051299531012773514
0.051303607411682606
0.051305160857737064
0.0513074416667223
0.051315560936927795
0.0513160303235054
0.051317852921783924
0.0513184005394578
0.05132454726845026
0.05133291706442833
0.05133466701954603
0.0513373538851738
0.051338876597583294
0.05134810134768486
0.051352016627788544
0.05135610047727823
0.0513607794418931
0.0513617442920804
0.051362994126975536
0.05136605352163315
0.05136674735695124
0.05136898998171091
0.05137223191559315
0.05137413460761309
0.05137927457690239
0.051379806362092495
0.051381190307438374
0.05138194281607866
0.051388406194746494
0.051390971057116985
0.051393705420196056
0.05139418225735426
0.05139520950615406
0.05139544978737831
0.05139848683029413
0.05140124913305044
0.05140695720911026
0.05141116864979267
0.051412430591881275
0.05141373258084059
0.05141803156584501
0.05142062809318304
0.05142315663397312
0.051426565274596214
0.05142814014106989
0.051429055631160736
0.051433127373456955
0.05143387895077467
0.051434108056128025
0.051434275694191456
0.05143447034060955
0.05143939796835184
0.05144089926034212
0.05145128909498453
0.051456037908792496
0.051467119716107845
0.05147092789411545
0.051476145163178444
0.0514793386682868
0.05148288421332836
0.05148463323712349
0.05148590076714754
0.05148946773260832
0.05149107798933983
0.05149232503026724
0.05149433761835098
0.05149500351399183
0.05149621330201626
0.051500387489795685
0.051501053385436535
0.05150171462446451
0.05150459799915552
0.05150500498712063
0.05150654353201389
0.051518128253519535
0.05151946563273668
0.051523798145353794
0.051524712704122066
0.05152828898280859
0.051529050804674625
0.05154211074113846
0.05154398921877146
0.05154612846672535
0.051547291688621044
0.05155013781040907
0.05155310686677694
0.05155621003359556
0.05155946686863899
0.05156305432319641
0.051565345376729965
0.05156764294952154
0.05157017707824707
0.051570283249020576
0.05157207977026701
0.051572700031101704
0.05157713498920202
0.05158197693526745
0.05158538371324539
0.05158630758523941
0.05158852320164442
0.051591324619948864
0.05159523990005255
0.05159576702862978
0.05159628577530384
0.051598609425127506
0.051603181287646294
0.051606686785817146
0.05160738993436098
0.05161114223301411
0.0516117587685585
0.051612275652587414
0.051613908261060715
0.0516149764880538
0.05161550547927618
0.051616519689559937
0.051617409102618694
0.05162535980343819
0.05162672605365515
0.05162718892097473
0.05162881873548031
0.05162982456386089
0.051635006442666054
0.05164128728210926
0.05164444912225008
0.05164727009832859
0.05165415909141302
0.05165434256196022
0.05165456887334585
0.051655638962984085
0.05165656190365553
0.051659864373505116
0.05166460666805506
0.05167521070688963
0.051678561605513096
0.05168421845883131
0.051687135361135006
0.05168794561177492
0.05168968066573143
0.051696245558559895
0.051696483977138996
0.051699462346732616
0.05169971100986004
0.051701041869819164
0.05170204024761915
0.05170466471463442
0.051711239852011204
0.05171285104006529
0.05171317048370838
0.051713405176997185
0.051717063412070274
0.051724547520279884
0.05172722041606903
0.05172876361757517
0.051729973405599594
0.05173021927475929
0.051750367507338524
0.05175587348639965
0.051757059060037136
0.05176972318440676
0.0517708957195282
0.05178950261324644
0.05179470684379339
0.05180124379694462
0.05180403497070074
0.051805879920721054
0.05180762056261301
0.05180859286338091
0.051813761703670025
0.0518145514652133
0.05181760620325804
0.051826256327331066
0.0518266661092639
0.051830487325787544
0.05183995235711336
0.051845098845660686
0.05184560362249613
0.05184868164360523
0.05184906907379627
0.05185294523835182
0.05185463838279247
0.05185924656689167
0.05186847969889641
0.05187224131077528
0.05188076198101044
0.051882908679544926
0.051884970627725124
0.05189060512930155
0.051892563700675964
0.05189967807382345
0.05189982242882252
0.05189985875040293
0.051899950951337814
0.051900044083595276
0.051914737559854984
0.051916398108005524
0.051917110569775105
0.05191758368164301
0.051917663775384426
0.05192019045352936
0.05192059651017189
0.051925692707300186
0.0519303809851408
0.05193131510168314
0.05193319823592901
0.05193832702934742
0.05194573476910591
0.05194622837007046
0.05195721425116062
0.05195850506424904
0.05196346156299114
0.0519653195515275
0.05196593049913645
0.051966859959065914
0.05197151843458414
0.0519825778901577
0.05198299698531628
0.05198315065354109
0.05198825802654028
0.05198828782886267
0.05199782270938158
0.05199871677905321
0.052007103338837624
0.052007244899868965
0.052009034901857376
0.05201736371964216
0.05201859958469868
0.052022047340869904
0.052027919329702854
0.05203375034034252
0.052035748958587646
0.05203607864677906
0.052042909897863865
0.05204832833260298
0.05205252207815647
0.05205882154405117
0.05207091569900513
0.052073092199862
0.052074605599045753
0.05207468569278717
0.052078548818826675
0.05207887850701809
0.05207939352840185
0.05208033509552479
0.05208418145775795
0.052086181938648224
0.05208688508719206
0.05210545100271702
0.052107084542512894
0.052110208198428154
0.05211770534515381
0.0521185165271163
0.05212458595633507
0.05212813429534435
0.05213077459484339
0.05214658472687006
0.052157897502183914
0.0521584153175354
0.05216512270271778
0.05216538440436125
0.052169444039464
0.05216977745294571
0.05217289458960295
0.05217365361750126
0.052176800556480885
0.05219169892370701
0.052197705022990704
0.05220131017267704
0.052204144187271595
0.052205776795744896
0.05221744813024998
0.052220623940229416
0.05223779194056988
0.05223787948489189
0.05224756337702274
0.052274519577622414
0.052282605320215225
0.052284921519458294
0.05228752829134464
0.05228796601295471
0.052289558574557304
0.05230898875743151
0.052310433238744736
0.052311417646706104
0.05231626518070698
0.05231629218906164
0.052320634946227074
0.05232518073171377
0.05233535077422857
0.052345418371260166
0.05234544724225998
0.052346453070640564
0.05235836375504732
0.052363703958690166
0.05236724764108658
0.052368209697306156
0.052375033497810364
0.05238117277622223
0.05238679423928261
0.052402228116989136
0.05241859890520573
0.05242192093282938
0.05242439638823271
0.05244555231183767
0.052453664131462574
0.05245376005768776
0.0524546829983592
0.052459511905908585
0.05246229004114866
0.05246713291853666
0.05246755387634039
0.05247553065419197
0.052477763034403324
0.05247914884239435
0.052483148872852325
0.05248637497425079
0.05249490309506655
0.05249893665313721
0.052503691986203194
0.052510387264192104
0.05251135863363743
0.05251137539744377
0.05251960176974535
0.05252296291291714
0.052543772384524345
0.05256323702633381
0.052579617127776146
0.0525799747556448
0.05258134473115206
0.052582950331270695
0.05258334055542946
0.05258532054722309
0.05258813686668873
0.052594888024032116
0.052599551156163216
0.05262044444680214
0.05262370314449072
0.05262437742203474
0.052625397220253944
0.05263325944542885
0.05263604689389467
0.05263938568532467
0.052640591748058796
0.05264595244079828
0.052655117586255074
0.05266718566417694
0.05266753863543272
0.052669622004032135
0.052674378268420696
0.05267666932195425
0.05268270894885063
0.05269164312630892
0.052694614976644516
0.052720834501087666
0.052720945328474045
0.0527263255789876
0.052734218537807465
0.052740056067705154
0.05274172406643629
0.052744622342288494
0.052756333723664284
0.05277812387794256
0.052802374586462975
0.052802533842623234
0.05281058978289366
0.0528109036386013
0.05281413998454809
0.052816436626017094
0.052819836884737015
0.05282712262123823
0.0528529267758131
0.05287172272801399
0.052873010747134686
0.05287302006036043
0.052873408421874046
0.05290750786662102
0.05292993597686291
0.05293306056410074
0.052933101542294025
0.052938892506062984
0.05295349843800068
0.05296111386269331
0.052969313226640224
0.0529730087146163
0.0529805738478899
0.05298164673149586
0.05298266652971506
0.05298903863877058
0.05299272760748863
0.05299616698175669
0.053001146763563156
0.05300678685307503
0.05300842598080635
0.05301670450717211
0.05301810894161463
0.053030287846922874
0.05303129367530346
0.05303954612463713
0.05304937902837992
0.0530512435361743
0.05305294319987297
0.053063021041452885
0.05306954588741064
0.05307579226791859
0.05308626592159271
0.053097604773938656
0.05310166161507368
0.053104850463569164
0.05310507211834192
0.05310812871903181
0.05312064941972494
0.05312181916087866
0.053128392435610294
0.05314148589968681
0.05314784776419401
0.053157757967710495
0.05317732784897089
0.0531943840906024
0.05320069380104542
0.053201028145849705
0.05320602096617222
0.05322039034217596
0.05322067812085152
0.053225827403366566
0.05322807002812624
0.053228369913995266
0.0532322796061635
0.053243523463606834
0.053253100253641605
0.053260041400790215
0.053260876797139645
0.05327185150235891
0.0532751465216279
0.05327941384166479
0.05328225903213024
0.05330880265682936
0.05333063844591379
0.05334558431059122
0.05334742460399866
0.053356194868683815
0.05336086358875036
0.05336306057870388
0.053370765410363674
0.05338482744991779
0.05338532105088234
0.053393177688121796
0.053393357433378696
0.05339905712753534
0.053405171260237694
0.05341767054051161
0.05342886969447136
0.05343571398407221
0.053436403162777424
0.05344560742378235
0.05348245333880186
0.05348376929759979
0.05349897500127554
0.05350105371326208
0.05351930297911167
0.05352747719734907
0.053530002012848854
0.05353009235113859
0.05353154521435499
0.053533243015408516
0.05353705585002899
0.05354051571339369
0.05354199465364218
0.053544070571660995
0.05354592856019735
0.053559728898108006
0.053565491922199726
0.05358884762972593
0.05359348189085722
0.05360210407525301
0.05361481383442879
0.053636135533452034
0.05363856442272663
0.05364090297371149
0.05365090351551771
0.05365617200732231
0.053663333877921104
0.053675238974392414
0.05368022155016661
0.05368651822209358
0.0537033062428236
0.05371272284537554
0.05371943209320307
0.053729843348264694
0.05373898521065712
0.05374068208038807
0.05374821741133928
0.053753907792270184
0.0537631344050169
0.05377533379942179
0.05378059856593609
0.053792101331055164
0.05380550865083933
0.05381059367209673
0.05383086856454611
0.05386186297982931
0.05386519990861416
0.053873460739851
0.05389485415071249
0.05390189588069916
0.05390216875821352
0.05390513502061367
0.05391538795083761
0.053925756365060806
0.05393785052001476
0.053944287821650505
0.05396406352519989
0.05397823266685009
0.05398137681186199
0.054009344428777695
0.05401334725320339
0.05402882117778063
0.054080369882285595
0.05408625025302172
0.05408983211964369
0.0540958596393466
0.05409846734255552
0.054107487201690674
0.054108583368360996
0.05410934332758188
0.054113383404910564
0.054126689210534096
0.05414730869233608
0.05415302887558937
0.05415431037545204
0.05416586063802242
0.054175122641026974
0.054186465218663216
0.05419447831809521
0.054194945842027664
0.05420428141951561
0.05421749409288168
0.054220001213252544
0.054230780340731144
0.054242744110524654
0.05425528436899185
0.05432593822479248
0.05432768724858761
0.05432845000177622
0.05434434860944748
0.054344482719898224
0.05435724928975105
0.05437120236456394
0.054386869072914124
0.05440297722816467
0.054408807307481766
0.05442631430923939
0.05443172436207533
0.05445276293903589
0.05450626369565725
0.05450999550521374
0.05451545212417841
0.05458359885960817
0.05462977848947048
0.054667115211486816
0.05468599032610655
0.0547412084415555
0.0547537487000227
0.05477818474173546
0.05480169504880905
0.054802642203867435
0.054809545166790485
0.05482758115977049
0.054829955101013184
0.054848069325089455
0.05485477577894926
0.054855444468557835
0.054879230447113514
0.05488434620201588
0.05489367991685867
0.05492301378399134
0.05494221672415733
0.05498983897268772
0.055018022656440735
0.055019889026880264
0.055020397529006004
0.05502139125019312
0.05502540897578001
0.05503065884113312
0.05503998231142759
0.055091300047934055
0.05512950662523508
0.055135590955615044
0.05514701921492815
0.055165345780551434
0.05518651567399502
0.055219678208231926
0.05523303151130676
0.055265902541577816
0.05527079664170742
0.05527743697166443
0.05530913732945919
0.05531402584165335
0.05532360915094614
0.05535437632352114
0.05535615887492895
0.05536404810845852
0.05536934360861778
0.05537461303174496
0.0553991561755538
0.05540428217500448
0.055475941859185696
0.05555009562522173
0.05558537878096104
0.055612245574593544
0.05561468377709389
0.05561759043484926
0.05562359560281038
0.0556666124612093
0.055670734494924545
0.05568232201039791
0.055783187970519066
0.05579805187880993
0.055878181010484695
0.05589921120554209
0.05597764253616333
0.05597899295389652
0.056022292003035545
0.05603291466832161
0.05604640766978264
0.056065584532916546
0.056098638102412224
0.056098793633282185
0.0561033571138978
0.05611357185989618
0.05614606384187937
0.0561511954292655
0.056179760955274105
0.05618115607649088
0.05622843559831381
0.05626387428492308
0.0562652787193656
0.05628434009850025
0.056292361579835415
0.05629277601838112
0.05629497300833464
0.05629816930741072
0.056305309757590294
0.05630852561444044
0.05630899779498577
0.056311748921871185
0.05633816961199045
0.05633955355733633
0.05634943023324013
0.0563582694157958
0.05636679381132126
0.05639586690813303
0.056401011534035206
0.05643436685204506
0.05644543748348951
0.05645005963742733
0.05647250544279814
0.056484016589820385
0.05648423172533512
0.05648955702781677
0.05650658905506134
0.056507691740989685
0.05650812853127718
0.056514945812523365
0.056519425474107265
0.05652046762406826
0.05653242859989405
0.05653448402881622
0.056536623276770115
0.05654529295861721
0.056545657105743885
0.056547289714217186
0.05655191000550985
0.05655302945524454
0.056555687449872494
0.0565837724134326
0.056585052981972694
0.05658925697207451
0.05661017447710037
0.05661916080862284
0.05662333592772484
0.056627051904797554
0.056628596037626266
0.056648263707756996
0.056653011590242386
0.05668408889323473
0.056686749681830406
0.05669103842228651
0.05669145006686449
0.05671330355107784
0.056717379949986935
0.05671827308833599
0.05672375578433275
0.05672597233206034
0.0567407812923193
0.05674712918698788
0.0567553611472249
0.05675788503140211
0.05676367413252592
0.056766051799058914
0.05676868185400963
0.05677040759474039
0.05677284765988588
0.056773293763399124
0.056774890050292015
0.05677951965481043
0.05677995178848505
0.056786366738379
0.05678803659975529
0.0568257886916399
0.05682738032191992
0.05683549772948027
0.05683648306876421
0.05684321280568838
0.05684468150138855
0.05684531573206186
0.05686505604535341
0.05687330290675163
0.0568865817040205
0.05688959360122681
0.05689448211342096
0.0568962674587965
0.056903447955846786
0.05691919568926096
0.056927962228655815
0.0569313345476985
0.05693161487579346
0.05693826079368591
0.05694233626127243
0.05694636423140764
0.05694839172065258
0.05695084948092699
0.05695274844765663
0.056953527964651585
0.056959109380841255
0.05696271453052759
0.05696285981684923
0.056963201612234116
0.05697128642350435
0.05697309412062168
0.05698194820433855
0.056984804570674896
0.05698699038475752
0.05699171591550112
0.05699344631284475
0.05699627194553614
0.05699810665100813
0.057005719281733036
0.05700650252401829
0.057007160037755966
0.05701098311692476
0.05701151955872774
0.057017107494175434
0.057020120322704315
0.05702072102576494
0.05702559556812048
0.057027059607207775
0.05703278537839651
0.057039160281419754
0.0570400832220912
0.05704848933964968
0.057049100287258625
0.057051812298595905
0.057053325697779655
0.05705334059894085
0.05705430265516043
0.05706040561199188
0.05706231575459242
0.05706619471311569
0.05707071069628
0.05707079358398914
0.057073249481618404
0.057077204808592796
0.05708171706646681
0.057081752456724644
0.05708693619817495
0.05708971433341503
0.057095457799732685
0.05709617957472801
0.05709907226264477
0.05710393190383911
0.05711117945611477
0.05711826775223017
0.05711950175464153
0.057123574428260326
0.05712423752993345
0.057130795903503895
0.057132584042847157
0.057135067880153656
0.05713739339262247
0.05713976267725229
0.057149454951286316
0.057153625413775444
0.05715589039027691
0.057171192951500416
0.05717478971928358
0.057176011614501476
0.05718309432268143
0.05718372669070959
0.05718487314879894
0.057188753969967365
0.05718932766467333
0.05719624273478985
0.0571985999122262
0.05723180714994669
0.057234808802604675
0.05723545327782631
0.05723882373422384
0.05724174249917269
0.057242256589233875
0.057245587930083275
0.057251653634011745
0.057258594781160355
0.05726105626672506
0.0572733161970973
0.057283238507807255
0.0572946285828948
0.05730239488184452
0.057306861504912376
0.057317547500133514
0.05732242111116648
0.05732380133122206
0.05732828192412853
0.05733720492571592
0.057344681583344936
0.05734560079872608
0.05734952073544264
0.05737206991761923
0.05737545806914568
0.05738771706819534
0.057393504306674004
0.05739360395818949
0.05739437695592642
0.05739669315516949
0.057435693219304085
0.057455637492239475
0.057459814473986626
0.057467843405902386
0.05747043900191784
0.05749932769685984
0.057500507682561874
0.057502683252096176
0.0575109152123332
0.05751124769449234
0.05751308333128691
0.05751705635339022
0.05752929579466581
0.05753011256456375
0.05753401480615139
0.05753487255424261
0.05753794405609369
0.0575397415086627
0.05754948407411575
0.05755694676190615
0.05757024046033621
0.05757645331323147
0.05757950805127621
0.057596612721681595
0.057599169202148914
0.05760322604328394
0.05760600697249174
0.05760861840099096
0.05761704687029123
0.05761783570051193
0.05761848110705614
0.057619912549853325
0.05765115190297365
0.05765268299728632
0.05765792541205883
0.0576607184484601
0.0576617456972599
0.05766959208995104
0.05767474602907896
0.0576859088614583
0.05768658220767975
0.057694041170179844
0.05770006217062473
0.05771264526993036
0.05771629698574543
0.05771829932928085
0.05772968661040068
0.05773213878273964
0.0577434916049242
0.057750264182686806
0.05775063205510378
0.0577562777325511
0.05776760820299387
0.057777089066803455
0.05778338201344013
0.05779246799647808
0.05780479684472084
0.057804930955171585
0.05780665762722492
0.057813944295048714
0.0578179806470871
0.05782438162714243
0.0578340170904994
0.057840319350361824
0.057861439883708954
0.05787540879100561
0.05788218881934881
0.05788511224091053
0.05791578721255064
0.05791869107633829
0.057951790280640125
0.057957231998443604
0.05796774197369814
0.057980574667453766
0.05798457842320204
0.05798682849854231
0.05798766389489174
0.05799278151243925
0.057999311946332455
0.05800128635019064
0.058011701330542564
0.05802760925143957
0.058030543848872185
0.05803433991968632
0.058034610003232956
0.05804383661597967
0.058045877143740654
0.05805096682161093
0.05805657710880041
0.05805807001888752
0.05806342605501413
0.05807789321988821
0.05810272693634033
0.05811323877424002
0.05813414976000786
0.058188135735690594
0.05819601844996214
0.05820025783032179
0.05822232738137245
0.05822932720184326
0.05823798570781946
0.05825362540781498
0.05826676171272993
0.05828113295137882
0.058302185498178005
0.05832938849925995
0.058339220471680164
0.05834924802184105
0.05837454553693533
0.058380838483572006
0.05838106758892536
0.05838380102068186
0.05839123670011759
0.05839269049465656
0.058395436964929104
0.05841586459428072
0.058447583578526974
0.05845453403890133
0.05852457322180271
0.058524771593511105
0.05852485541254282
0.05853485967963934
0.05859135091304779
0.05860021058470011
0.05860437825322151
0.058613297529518604
0.05861376691609621
0.058614013716578484
0.058614821173250675
0.058624462224543095
0.058624700643122196
0.05863525439053774
0.05863656662404537
0.058642610907554626
0.05867463070899248
0.058685495518147945
0.0586951095610857
0.05870154034346342
0.0587028069421649
0.058716921135783195
0.05871748924255371
0.05872222874313593
0.058728573843836784
0.05873709637671709
0.058745493181049824
0.058749621734023094
0.05875128787010908
0.05877880845218897
0.05881696846336126
0.0588341923430562
0.05884114094078541
0.05884475074708462
0.05886828526854515
0.05890069995075464
0.05892545636743307
0.05893420893698931
0.05894309934228659
0.058968499302864075
0.05896926857531071
0.058977700769901276
0.05897871218621731
0.059008607640862465
0.059022766537964344
0.05905451253056526
0.059054586105048656
0.059058284386992455
0.05907322000712156
0.05911776702851057
0.05918668117374182
0.05920247547328472
0.05922696087509394
0.059255754575133324
0.05925615783780813
0.05929428059607744
0.05930889490991831
0.05946099106222391
0.05948076210916042
0.059506417252123356
0.05950972996652126
0.05952987540513277
0.05955816153436899
0.059580691158771515
0.0596504183486104
0.05968046560883522
0.05971586052328348
0.05971886031329632
0.0597548708319664
0.05978497210890055
0.059850611723959446
0.05985345598310232
0.059875727631151676
0.05991938058286905
0.06000910606235266
0.06004100479185581
0.06004209350794554
0.06006263289600611
0.060084447264671326
0.060220918618142605
0.06023077666759491
0.060235895216464996
0.06028365716338158
0.060350678861141205
0.060352577827870846
0.06043423060327768
0.06043816637247801
0.0604515690356493
0.06046059541404247
0.060510856099426746
0.06062893569469452
0.0606517419219017
0.06065679807215929
0.060757098719477654
0.0609482629224658
0.061011865735054016
0.06101530883461237
0.061145537532866
0.06124275270849466
0.06132720783352852
0.061381446197628975
0.06143981497734785
0.06150217540562153
0.06153044477105141
0.061682275496423244
0.061749331653118134
0.06179837975651026
0.062059356831014156
0.06207524240016937
0.06209940556436777
0.062250688672065735
0.062381050549447536
0.06256400048732758
0.06267377641052008
0.06267779693007469
0.06272031553089619
0.06281278748065233
0.06282954011112452
0.06286643538624048
0.06286648008972406
0.06293293554335833
0.06294095516204834
0.06294489279389381
0.06298716086894274
0.06299711018800735
0.06300461664795876
0.06301864795386791
0.0630488796159625
0.06306229624897242
0.06306988466531038
0.06307718995958567
0.06307723000645638
0.06308898981660604
0.06309947185218334
0.06310976948589087
0.06314012221992016
0.06314083561301231
0.06318227015435696
0.06324920244514942
0.06325582321733236
0.06327937729656696
0.06328789982944727
0.06329093128442764
0.06330293975770473
0.06330789998173714
0.06335234735161066
0.06338607519865036
0.06339989136904478
0.063400873914361
0.0634059114381671
0.06345785316079855
0.06348671019077301
0.06354681309312582
0.06355367507785559
0.0636694012209773
0.06367147993296385
0.06368349026888609
0.06375699583441019
0.06377098988741636
0.06377579644322395
0.06380684673786163
0.06381832901388407
0.06383985001593828
0.06384357437491417
0.06391491275280714
0.06402770057320595
0.06407023407518864
0.06415127869695425
0.06421220861375332
0.06424473132938147
0.0643597487360239
0.06437330506742
0.06439587846398354
0.06444768235087395
0.06448185350745916
0.06453080289065838
0.06461274530738592
0.064680858515203
0.06469719391316175
0.06472160387784243
0.06473163887858391
0.06480635702610016
0.06487585511058569
0.06503982841968536
0.06510284543037415
0.06523269414901733
0.06534326542168856
0.06554161850363016
0.0656147925183177
0.06588703952729702
0.06589140091091394
0.06601014640182257
0.06610827893018723
0.06622338015586138
0.06631441414356232
0.06645421870052814
0.06660292018204927
0.06661633402109146
0.06665327865630388
0.06686195358633995
0.0669424394145608
0.06711879558861256
0.06723881233483553
0.06727144960314035
0.06730111967772245
0.06771081499755383
0.06840833462774754
0.0686719324439764
0.0688038682565093
0.0688954209908843
0.06913204584270716
0.06938797794282436
0.06941414810717106
0.06944615487009287
0.0697444835677743
0.06984293460845947
0.06985208485275507
0.07006894424557686
0.07014280650764704
0.07024652231484652
0.07039425987750292
0.07056342251598835
0.07067025825381279
0.07083025109022856
0.07093842700123787
0.07104747835546732
0.07116509787738323
0.07120022643357515
0.07120970264077187
0.07121165283024311
0.07126769237220287
0.07218048069626093
0.07229531742632389
0.0724025396630168
0.07540799584239721
0.0757234375923872
0.07580848969519138
0.0759888356551528
0.0759977838024497
0.07612581923604012
0.07643145602196455
0.07646035775542259
0.07673376519232988
0.07675079721957445
0.07767489273101091
0.07782626524567604
0.08078987989574671
0.08173842914402485
0.08214036282151937
0.08241155464202166
0.08290273603051901
0.08325836341828108
0.08350600954145193
0.08427503611892462
0.08812671899795532
0.08824048191308975
0.088443074375391
0.08940866682678461
0.09030076209455729
0.09130789618939161
0.0928195770829916
0.09395508095622063
0.09628459066152573
0.09636930096894503
0.09808142110705376
0.09971387404948473
0.1009837482124567
0.10184855666011572
0.10199781786650419
0.10219236556440592
0.10365260858088732
0.10595326498150826
0.1088325809687376
0.10971883777529001
0.11098218057304621
0.11307355854660273
0.1140671418979764
0.1147527489811182
0.11760114319622517
0.11793692968785763
0.11880138516426086
0.12012614589184523
0.12087810691446066
0.12089257221668959
0.1214472521096468
0.12512229289859533
0.12629024498164654
0.12718613166362047
0.1310127191245556
0.13174619060009718
0.13249618280678988
0.13259270135313272
0.13525234069675207
0.13579578790813684
0.1366581553593278
0.13685782253742218
0.136860397644341
0.1369478851556778
0.13700152654200792
0.13751744478940964
0.13764607720077038
0.1398630803450942
0.14035083819180727
0.14095655363053083
0.14366434421390295
0.1453027743846178
0.14601175393909216
0.14669703412801027
0.14823824167251587
0.149276171810925
0.15036937966942787
0.150750950910151
0.15204884484410286
0.15256328415125608
0.15479838009923697
0.15526294987648726
0.15587459690868855
0.15612992644309998
0.15639903023838997
0.15787850599735975
0.16123529616743326
0.16123585775494576
0.1641872636973858
0.16796664148569107
0.16987418476492167
0.17166574858129025
0.1742320852354169
0.17539140675216913
0.17684755008667707
0.18010607548058033
0.18066200707107782
0.18259850703179836
0.18405162170529366
0.18454849626868963
0.18476574774831533
0.18533384148031473
0.18658516090363264
0.18858240451663733
0.18912404123693705
0.19247332122176886
0.1931378748267889
0.19448898918926716
0.19878773298114538
0.19971571024507284
0.20124233234673738
0.20210477709770203
0.20238290913403034
0.20247990917414427
0.20263893529772758
0.2026523007079959
0.20388002134859562
0.20465129055082798
0.20556703303009272
0.21022724360227585
0.2105312468484044
0.2134342659264803
0.21704733651131392
0.2181519977748394
0.2219225885346532
0.2248539701104164
0.22642863169312477
0.22986514773219824
0.23148174863308668
0.23710868135094643
0.23782470356673002
0.24125539045780897
0.24240735918283463
0.24772839806973934
0.2490228619426489
0.24938191007822752
0.24976493138819933
0.24996329564601183
0.25258466601371765
0.2527755433693528
0.2533570509403944
0.2534786378964782
0.253618560731411
0.25506793707609177
0.2596033364534378
0.2601944422349334
0.2636200673878193
0.266087232157588
0.2673893291503191
0.27109420113265514
0.2742139007896185
0.274848161265254
0.27547599375247955
0.27634586673229933
0.27661884762346745
0.2767436318099499
0.2797563010826707
0.28047751635313034
0.28540178667753935
0.28635295294225216
0.2901858827099204
0.291889775544405
0.2947607571259141
0.2965921889990568
0.30262191873043776
0.3031269805505872
0.30575346015393734
0.3090576911345124
0.3118791924789548
0.3147766776382923
0.31778065115213394
0.31987011060118675
0.3219143869355321
0.32344675809144974
0.3234553700312972
0.3273108396679163
0.32888592686504126
0.32919213734567165
0.3324459530413151
0.3343033269047737
0.33554366417229176
0.33815572410821915
0.34128176514059305
0.34610895719379187
0.34644766338169575
0.3517664186656475
0.35216276813298464
0.3573809741064906
0.35762818809598684
0.35800888389348984
0.3623277749866247
0.36261998768895864
0.36374322418123484
0.36480170488357544
0.3656257400289178
0.3664933992549777
0.3673226162791252
0.3691810052841902
0.3705259906128049
0.37188603822141886
0.3723750691860914
0.3729661153629422
0.3737599141895771
0.37634012568742037
0.37683568336069584
0.37712259963154793
0.37866748683154583
0.37922374345362186
0.3821587609127164
0.38255420234054327
0.38289840426295996
0.3836262281984091
0.38453665748238564
0.386975210160017
0.3873635334894061
0.38826023042201996
0.38834079168736935
0.3886488089337945
0.3889604452997446
0.38973594084382057
0.3927607024088502
0.3941907035186887
0.39435327518731356
0.39452619198709726
0.39553835708647966
0.3958120606839657
0.399604806676507
0.39973836671561
0.400725488550961
0.4013423202559352
0.40134903509169817
0.40278719272464514
0.4030547272413969
0.4035225585103035
0.4056623503565788
0.4084509965032339
0.40860664565116167
0.4110811399295926
0.4121195012703538
0.4121770216152072
0.41295130737125874
0.41372275818139315
0.41382514871656895
0.41478692926466465
0.4168144501745701
0.41860821656882763
0.4187278812751174
0.42004537116736174
0.4204318914562464
0.42281923815608025
0.4241526387631893
0.424490200355649
0.425276062451303
0.4257103996351361
0.4257215093821287
0.4259290164336562
0.4278740528970957
0.430389815941453
0.4308111146092415
0.4316123500466347
0.4334539622068405
0.43355568777769804
0.4360764669254422
0.4365420788526535
0.4385968865826726
0.43896575178951025
0.4400190953165293
0.4400339350104332
0.4402876375243068
0.44323768373578787
0.4436786025762558
0.4450173955410719
0.44551863241940737
0.44765621703118086
0.4486334705725312
0.44960975274443626
0.45033914782106876
0.45037863962352276
0.4553261250257492
0.45655934419482946
0.45735366735607386
0.4607995366677642
0.4613900566473603
0.4617875702679157
0.46217289473861456
0.46302889101207256
0.4630356216803193
0.4638787880539894
0.46411959547549486
0.46414605621248484
0.46542817261070013
0.46720817405730486
0.46780312061309814
0.46873398777097464
0.47042663395404816
0.47120540495961905
0.4721929505467415
0.4732881700620055
0.4737372240051627
0.4758740998804569
0.4759071134030819
0.47681289818137884
0.4769802652299404
0.4775884533300996
0.47965117543935776
0.48053297493606806
0.48172785993665457
0.48248382844030857
0.48277074564248323
0.4833273971453309
0.483492711558938
0.4864501114934683
0.4874649699777365
0.4877468226477504
0.4877853328362107
0.4891061233356595
0.4896928686648607
0.4906106758862734
0.4913227129727602
0.4922061888501048
0.4924720609560609
0.4927944829687476
0.4933832501992583
0.49388634506613016
0.4945677053183317
0.49747133255004883
0.49808943551033735
0.49891761131584644
0.49998413398861885
0.5001916699111462
0.5006236722692847
0.5007185442373157
0.503356646746397
0.5037458268925548
0.5047447001561522
0.5050575584173203
0.5057491287589073
0.5057574063539505
0.5058990772813559
0.506044969893992
0.5068765450268984
0.5090530952438712
0.5100994817912579
0.5101879825815558
0.5103209735825658
0.5104561960324645
0.5114678610116243
0.51177176553756
0.5122626926749945
0.5130265550687909
0.5144286137074232
0.5167674878612161
0.517667805776
0.5178157268092036
0.518527957610786
0.5230217203497887
0.523055232129991
0.5232380609959364
0.5239519523456693
0.5258366167545319
0.5289463717490435
0.5289603192359209
0.5293144565075636
0.5293749803677201
0.5307083856314421
0.5350383892655373
0.5350554930046201
0.535510016605258
0.5358771244063973
0.5382018852978945
0.5401576394215226
0.5405675740912557
0.5430561369284987
0.544871037825942
0.5472428174689412
0.5485353777185082
0.5489183636382222
0.5501687526702881
0.551905682310462
0.5537822116166353
0.5545624941587448
0.5547184552997351
0.5549501767382026
0.5550551377236843
0.5591681580990553
0.5599719667807221
0.5600537424907088
0.5610114112496376
0.5613283226266503
0.5645479382947087
0.5654887426644564
0.5655870707705617
0.5659542381763458
0.5661427192389965
0.5663407342508435
0.5665695564821362
0.5677783796563745
0.5683576203882694
0.5687962770462036
0.5698190061375499
0.5717299291864038
0.5721316868439317
0.5732705127447844
0.5740157328546047
0.5744895646348596
0.5746365990489721
0.5773604232817888
0.5779559817165136
0.5792870735749602
0.5798995783552527
0.5803395621478558
0.5809448380023241
0.5839561009779572
0.5842290576547384
0.5848105363547802
0.5864136209711432
0.5891355592757463
0.5894503965973854
0.5908674467355013
0.5946311429142952
0.5958380913361907
0.5976646207273006
0.6017263568937778
