0.04316428676247597
0.0431778347119689
0.04318907205015421
0.043405311182141304
0.04405976366251707
0.04411645978689194
0.044192636385560036
0.04429671727120876
0.044504676945507526
0.04453742224723101
0.04460013844072819
0.044728606939315796
0.04477912746369839
0.0447803670540452
0.04493184760212898
0.045050947926938534
0.04513009078800678
0.045150481164455414
0.04516198579221964
0.0452980175614357
0.04531348682940006
0.04532380308955908
0.045345974154770374
0.04540536180138588
0.04541121330112219
0.04546230100095272
0.045495638623833656
0.04549937788397074
0.045602102763950825
0.04561012331396341
0.04565376229584217
0.04569085221737623
0.04572111926972866
0.04574661795049906
0.04574703425168991
0.045759642496705055
0.04578865226358175
0.04578922316431999
0.045805444940924644
0.0458073690533638
0.04581617936491966
0.04582575336098671
0.04582585021853447
0.04585517477244139
0.045856480486691
0.0458719152957201
0.045872217044234276
0.04588019382208586
0.045931034721434116
0.045931180007755756
0.045942047610878944
0.04595424607396126
0.045960625633597374
0.04597107041627169
0.045976338908076286
0.04597786068916321
0.04598006419837475
0.04600349720567465
0.04602895583957434
0.046042270958423615
0.04607640206813812
0.046092089265584946
0.04609424900263548
0.04609819781035185
0.04610377177596092
0.04611295089125633
0.04611817467957735
0.04611915349960327
0.046130504459142685
0.046157827600836754
0.04618563037365675
0.04618736915290356
0.04620065353810787
0.046204705722630024
0.04620532505214214
0.04622588586062193
0.046228728257119656
0.04623544868081808
0.04625383485108614
0.04626272153109312
0.04626291710883379
0.0462734317407012
0.04627563804388046
0.0463003097102046
0.0463111512362957
0.04632043465971947
0.04632760677486658
0.046335870400071144
0.04634295869618654
0.046357713639736176
0.046367108821868896
0.046379207633435726
0.04637991264462471
0.04638200253248215
0.046395620331168175
0.04639670252799988
0.0464034928008914
0.04641469195485115
0.046417335979640484
0.0464268596842885
0.046427265740931034
0.046430679038167
0.04644662234932184
0.04645842872560024
0.04646672587841749
0.046469046734273434
0.04648436885327101
0.046489130705595016
0.046491374261677265
0.04649206902831793
0.04651958402246237
0.04652661830186844
0.046527392230927944
0.04653199203312397
0.0465339794754982
0.04653498809784651
0.0465382095426321
0.046542322263121605
0.04654331039637327
0.04654608480632305
0.0465478477999568
0.04655502084642649
0.04655764624476433
0.04659139923751354
0.04659652058035135
0.04659794457256794
0.04659795016050339
0.046600596979260445
0.04662916995584965
0.04664541222155094
0.046646046452224255
0.04665065184235573
0.04665316082537174
0.04665449168533087
0.046654595993459225
0.0466593187302351
0.046660562977194786
0.04666340909898281
0.04667846858501434
0.046683721244335175
0.04668922536075115
0.04669497441500425
0.04671282880008221
0.04671564977616072
0.0467187250033021
0.0467198146507144
0.046753814443945885
0.04676118865609169
0.046762093901634216
0.04676218144595623
0.04676331765949726
0.04677053540945053
0.04677550494670868
0.04677637107670307
0.04677650332450867
0.046790214255452156
0.046798243187367916
0.0468020336702466
0.04680649284273386
0.04680963046848774
0.04681073967367411
0.04681268148124218
0.0468161515891552
0.0468181362375617
0.04681937303394079
0.04682182241231203
0.04683389700949192
0.04683411866426468
0.04683941323310137
0.04684369545429945
0.04685921315103769
0.046868085861206055
0.04688999429345131
0.04689118545502424
0.04689814243465662
0.04690213222056627
0.046908496879041195
0.04691433534026146
0.04692428559064865
0.046931865625083447
0.046948185190558434
0.04694844409823418
0.04694908857345581
0.04694980848580599
0.046950642950832844
0.04695691354572773
0.04696673434227705
0.04697349574416876
0.04697791673243046
0.04698546789586544
0.04699428007006645
0.04700196348130703
0.04700466990470886
0.04701198637485504
0.04701800271868706
0.04702674597501755
0.04703160282224417
0.04703399445861578
0.0470366096124053
0.04703697096556425
0.047038616612553596
0.04703889228403568
0.0470421826466918
0.047045426443219185
0.047049726359546185
0.04705137945711613
0.04705189913511276
0.047058409079909325
0.0470630070194602
0.04706362076103687
0.04707884881645441
0.04708088934421539
0.04708266630768776
0.047092936001718044
0.047099302522838116
0.04710386414080858
0.04711200762540102
0.04711983911693096
0.04712346848100424
0.047129057347774506
0.04713130183517933
0.047140640206635
0.04714114870876074
0.047146594151854515
0.0471494710072875
0.047149778343737125
0.047156152315437794
0.047156830318272114
0.047161251306533813
0.047164371237158775
0.04716975521296263
0.047174375504255295
0.04718151222914457
0.04718391317874193
0.04718535393476486
0.04718547686934471
0.047187212854623795
0.04718776699155569
0.04719562456011772
0.04719930700957775
0.047199672088027
0.04720226489007473
0.04721285402774811
0.04722278844565153
0.0472243195399642
0.04723195265978575
0.047236532904207706
0.04723809566348791
0.04724281281232834
0.04724669177085161
0.04725698009133339
0.047257295809686184
0.047258542850613594
0.04725891724228859
0.04725950676947832
0.04726068489253521
0.04726303555071354
0.047264523804187775
0.047265772707760334
0.04726715199649334
0.04729418642818928
0.047315104864537716
0.04732115566730499
0.04732382483780384
0.04732820764183998
0.047328971326351166
0.047337641939520836
0.04734902922064066
0.047357624396681786
0.04736287519335747
0.04736981447786093
0.0473703620955348
0.04737741220742464
0.04738805815577507
0.04739414621144533
0.04739563353359699
0.047396088019013405
0.047396235167980194
0.04739657137542963
0.047411611303687096
0.04742030333727598
0.04742387402802706
0.04742397274821997
0.04744059685617685
0.047445124946534634
0.04744851589202881
0.04745270684361458
0.04745276179164648
0.047462042421102524
0.04746654350310564
0.04747674986720085
0.04748189635574818
0.047485075891017914
0.04749769624322653
0.047499398700892925
0.047510930337011814
0.04752090573310852
0.047521489672362804
0.047523679211735725
0.04753465764224529
0.047540582716464996
0.047543992288410664
0.04754836484789848
0.04755695443600416
0.04757219646126032
0.04758034646511078
0.047581360675394535
0.04758455138653517
0.047591282054781914
0.04759147763252258
0.04759181849658489
0.04759564995765686
0.04761589877307415
0.047619602642953396
0.04762415308505297
0.04762530047446489
0.04762634728103876
0.04762998782098293
0.04763522557914257
0.04763783607631922
0.04763891454786062
0.047640373930335045
0.04764234367758036
0.04764718562364578
0.047655440866947174
0.04765890724956989
0.04766724165529013
0.047673256136476994
0.04768180660903454
0.04768383502960205
0.0476845558732748
0.04769191890954971
0.047704605385661125
0.04770621843636036
0.047708574682474136
0.04772142507135868
0.04772320203483105
0.047724202275276184
0.047737838700413704
0.04773834813386202
0.04774466622620821
0.04774915240705013
0.047750070691108704
0.04776098486036062
0.047767878510057926
0.047768126241862774
0.04777170717716217
0.04778044391423464
0.04778162855654955
0.04779021069407463
0.04782015550881624
0.047821913845837116
0.04782886616885662
0.0478354636579752
0.04783789720386267
0.04783947113901377
0.047856240533292294
0.04785963613539934
0.04786438960582018
0.04786569904536009
0.04787688236683607
0.04789015278220177
0.04790487699210644
0.04791007284075022
0.047913932241499424
0.04791412968188524
0.0479247085750103
0.047926233150064945
0.0479274857789278
0.047931850887835026
0.047935280948877335
0.04794805869460106
0.0479490477591753
0.04799118544906378
0.04799254797399044
0.04799620807170868
0.04799722693860531
0.04800209682434797
0.04800323769450188
0.048004171811044216
0.048014710657298565
0.04801885597407818
0.04802151769399643
0.048026204109191895
0.04802802111953497
0.04803454875946045
0.04803894739598036
0.04808818828314543
0.04809283744543791
0.048101359978318214
0.04810488596558571
0.04810947645455599
0.048111261799931526
0.04811641573905945
0.04811669234186411
0.04812671896070242
0.04812962748110294
0.0481404485180974
0.0481486888602376
0.04815137479454279
0.048154961317777634
0.04815590940415859
0.048156620003283024
0.048159562051296234
0.04817476775497198
0.048180255107581615
0.048184171319007874
0.04819028731435537
0.04819438513368368
0.048241657204926014
0.04824209772050381
0.04824423138052225
0.0482446001842618
0.048249964602291584
0.04825658816844225
0.04827901814132929
0.04829080402851105
0.048292890191078186
0.048315309919416904
0.04836650565266609
0.04840540513396263
0.04842327535152435
0.04845584463328123
0.04846720676869154
0.04846976697444916
0.04848609026521444
0.04850754328072071
0.04853517562150955
0.048537032678723335
0.04854045249521732
0.04855840280652046
0.04856020584702492
0.048565068282186985
0.048571295104920864
0.04859096556901932
0.04860172141343355
0.04862077720463276
0.04864963050931692
0.048650581389665604
0.04868071433156729
0.048684438690543175
0.04869508929550648
0.0487054530531168
0.048706148751080036
0.04871849901974201
0.04871877562254667
0.048719110898673534
0.048726776614785194
0.048734284937381744
0.0487416060641408
0.04875593539327383
0.04876953549683094
0.04877980425953865
0.048794242553412914
0.04880925081670284
0.04882268141955137
0.048833850771188736
0.0488391974940896
0.04885755944997072
0.04900787211954594
0.04901596065610647
0.049078662879765034
0.04911739658564329
0.049187514930963516
0.04922777973115444
0.0492575541138649
0.049258909188210964
0.04928223975002766
0.04932383727282286
0.0493649747222662
0.04937429819256067
0.04937791172415018
0.04942153673619032
0.049440935254096985
0.04946413543075323
0.04950672946870327
0.049552288837730885
0.04961022362112999
0.049641264602541924
0.049646224826574326
0.04965062811970711
0.049651467241346836
0.04967404529452324
0.04967458825558424
0.04967637453228235
0.04968346003443003
0.04970225691795349
0.04970551747828722
0.049716776236891747
0.04971881117671728
0.049736734479665756
0.04975433927029371
0.04978575464338064
0.04981220979243517
0.04983312450349331
0.0498401029035449
0.04985849931836128
0.04985920898616314
0.04986801277846098
0.04986842814832926
0.04987498186528683
0.04987934231758118
0.04988359194248915
0.04989308211952448
0.049908620305359364
0.049920348450541496
0.049920533783733845
0.049920608289539814
0.04992448166012764
0.04992859438061714
0.04993110056966543
0.0499338386580348
0.0499397199600935
0.0499484408646822
0.04995622579008341
0.049960410222411156
0.049960630014538765
0.04997061938047409
0.04997827671468258
0.049981276504695415
0.049988976679742336
0.04999099764972925
0.0499993059784174
0.04999946057796478
0.04999960586428642
0.049999676644802094
0.05000079143792391
0.05000299960374832
0.05000563245266676
0.05001687817275524
0.05001900438219309
0.05001979973167181
0.05002042558044195
0.050026348792016506
0.050037878565490246
0.05003953445702791
0.05003978777676821
0.05004712752997875
0.05004713498055935
0.050050511956214905
0.050051018595695496
0.050054287537932396
0.05006513465195894
0.050069211050868034
0.050071608275175095
0.05007675103843212
0.050076812505722046
0.05008213873952627
0.050086403265595436
0.050089359283447266
0.05008970387279987
0.05009220261126757
0.05009504780173302
0.05010128393769264
0.05010961275547743
0.05011372268199921
0.050115788355469704
0.050128658302128315
0.050129614770412445
0.05013618804514408
0.050144254229962826
0.05014596600085497
0.05014705564826727
0.05014805216342211
0.050152468495070934
0.05015302076935768
0.05017133988440037
0.05017751641571522
0.05017862655222416
0.050183575600385666
0.050184919498860836
0.050191231071949005
0.050196995958685875
0.05019734241068363
0.050199066288769245
0.05019966699182987
0.05020070355385542
0.05020601861178875
0.05020911153405905
0.05021256022155285
0.050225756131112576
0.050226845778524876
0.05023038201034069
0.05023044813424349
0.050231607630848885
0.05024105403572321
0.050242481753230095
0.05024515185505152
0.05025108903646469
0.05025270860642195
0.05025533214211464
0.05025970749557018
0.05026181787252426
0.05027205869555473
0.05028069391846657
0.05028189439326525
0.050283025950193405
0.05029192753136158
0.05029196199029684
0.050301493145525455
0.05030310805886984
0.050303480587899685
0.05030473042279482
0.05030504520982504
0.050321304239332676
0.050321364775300026
0.0503239156678319
0.05032582767307758
0.05032659601420164
0.05033075250685215
0.0503383195027709
0.05033846106380224
0.050340461544692516
0.05034229718148708
0.050342926755547523
0.05035347770899534
0.050353704020380974
0.0503556951880455
0.05035707075148821
0.05035723000764847
0.0503596942871809
0.05036257021129131
0.05036311410367489
0.05036319326609373
0.0503635136410594
0.050366856157779694
0.05036777537316084
0.05037720315158367
0.050377256236970425
0.05037729162722826
0.05037833750247955
0.05037927348166704
0.0503844004124403
0.05038468632847071
0.05038644652813673
0.05038783233612776
0.05038809776306152
0.05038851872086525
0.050393883138895035
0.05039429385215044
0.05039629898965359
0.05039716511964798
0.05039922334253788
0.05039928015321493
0.05040256958454847
0.050408425740897655
0.05041005276143551
0.050410833209753036
0.05041425209492445
0.05041458923369646
0.050417425110936165
0.05041805747896433
0.050421252846717834
0.050423658452928066
0.05042413715273142
0.050424289889633656
0.05042477324604988
0.05042950343340635
0.0504309106618166
0.05043409205973148
0.050435177981853485
0.050437865778803825
0.050439185462892056
0.05043977405875921
0.05044019874185324
0.05044057872146368
0.050444573163986206
0.050445929169654846
0.05044618435204029
0.05044666212052107
0.05044702906161547
0.05044817924499512
0.05045098438858986
0.050451742485165596
0.05045240558683872
0.050452811643481255
0.05045589152723551
0.050457113422453403
0.050457270815968513
0.05045998468995094
0.0504608191549778
0.050464652478694916
0.05046956427395344
0.05047285556793213
0.050473407842218876
0.0504748085513711
0.050475187599658966
0.05048148799687624
0.05048338510096073
0.05048396158963442
0.05048505961894989
0.05048729758709669
0.05048800725489855
0.050489443354308605
0.05049489066004753
0.05049776565283537
0.05049838777631521
0.05050139781087637
0.050501578487455845
0.05050418805330992
0.05050503369420767
0.050505281426012516
0.05050776433199644
0.05050832871347666
0.05050947796553373
0.05051401164382696
0.05051622539758682
0.05051728989928961
0.050518845207989216
0.05052448250353336
0.0505246939137578
0.05052539426833391
0.050527388229966164
0.05053027719259262
0.0505329230800271
0.050536882132291794
0.05053859669715166
0.05053877271711826
0.05054027121514082
0.050540557131171227
0.05054245702922344
0.050542487762868404
0.05054541677236557
0.05054822098463774
0.050552950240671635
0.050554187037050724
0.05055709183216095
0.050557563081383705
0.0505584767088294
0.05055886320769787
0.05055903736501932
0.05056462436914444
0.05056782253086567
0.050567870028316975
0.05057077668607235
0.05057308077812195
0.05057324189692736
0.050574081018567085
0.0505794370546937
0.050584559328854084
0.05058616027235985
0.05058636702597141
0.05058641545474529
0.050586569122970104
0.05058696586638689
0.05058722570538521
0.05058893281966448
0.05059002712368965
0.05059199966490269
0.05059754569083452
0.05060047935694456
0.05060339905321598
0.05060564074665308
0.050605655647814274
0.050606098026037216
0.05060609895735979
0.050607578828930855
0.050609384663403034
0.05061304848641157
0.050613696686923504
0.050613993778824806
0.05061819218099117
0.05061968509107828
0.05062159523367882
0.05062207765877247
0.0506236320361495
0.05062880273908377
0.05062951985746622
0.05063052847981453
0.05063572898507118
0.050638007931411266
0.05064046662300825
0.05064155533909798
0.05064212717115879
0.05064298119395971
0.05065139755606651
0.0506520876660943
0.050655996426939964
0.050658646039664745
0.050660707987844944
0.05066804401576519
0.05067772418260574
0.05067910812795162
0.050680545158684254
0.05068058054894209
0.05068660154938698
0.050691437907516956
0.05069256015121937
0.050694871693849564
0.05069546774029732
0.05069650337100029
0.05070296861231327
0.05070303753018379
0.050703263841569424
0.05070629995316267
0.05070810858160257
0.05070832557976246
0.05070850718766451
0.0507105216383934
0.05071649048477411
0.05071769468486309
0.050717782229185104
0.05072486121207476
0.050726840272545815
0.05072947684675455
0.050731646828353405
0.05073469690978527
0.05073520354926586
0.05074383318424225
0.0507469717413187
0.05075020715594292
0.05075348634272814
0.0507547939196229
0.05075492989271879
0.05075513478368521
0.05075726471841335
0.05076255276799202
0.050765421241521835
0.050769560039043427
0.05077019613236189
0.05077129416167736
0.050774126313626766
0.050775196403265
0.050781563855707645
0.05078647751361132
0.05078715831041336
0.05078744515776634
0.05078757368028164
0.05079107265919447
0.05079645663499832
0.05079761706292629
0.050800690427422523
0.05081001669168472
0.0508100762963295
0.050811572931706905
0.05081370938569307
0.05081388168036938
0.050813887268304825
0.050814686343073845
0.050819385796785355
0.050841148011386395
0.050842045806348324
0.05084739159792662
0.05084851756691933
0.050849003717303276
0.050851586274802685
0.05085502564907074
0.050856733694672585
0.05086066946387291
0.05086241941899061
0.050863941200077534
0.050864867866039276
0.050867706537246704
0.050868998281657696
0.05087378807365894
0.050875077955424786
0.05087566561996937
0.050883631221950054
0.05088428687304258
0.05088527500629425
0.05088532529771328
0.050887444987893105
0.05090728681534529
0.05091702751815319
0.0509207509458065
0.050923063419759274
0.05092728044837713
0.05093597061932087
0.050939363427460194
0.05094933323562145
0.05095604434609413
0.0509561263024807
0.050956904888153076
0.05095935985445976
0.05096285417675972
0.05096436198800802
0.05096485186368227
0.05096824653446674
0.050971305929124355
0.050971947610378265
0.050972651690244675
0.05097366310656071
0.05097617581486702
0.050976430997252464
0.05097957327961922
0.050982825458049774
0.050984411500394344
0.05098693072795868
0.05098794028162956
0.050991903990507126
0.050993530079722404
0.050994858145713806
0.050995043478906155
0.05100103560835123
0.05100327264517546
0.05100606381893158
0.05100788734853268
0.051010528579354286
0.051015857607126236
0.0510189775377512
0.05102161504328251
0.05102220270782709
0.051023672334849834
0.05103070940822363
0.05103071220219135
0.051030831411480904
0.05103169847279787
0.05103184375911951
0.051034663803875446
0.05103606265038252
0.051036370918154716
0.05103833042085171
0.051041861064732075
0.051049936562776566
0.05105398315936327
0.05105449352413416
0.05105522461235523
0.05105589050799608
0.05105589143931866
0.05105752311646938
0.05106420908123255
0.051069581881165504
0.05107041448354721
0.05107060633599758
0.05108185205608606
0.051084755919873714
0.05108582507818937
0.051088135689496994
0.051090965047478676
0.05109244305640459
0.051097639836370945
0.051100483164191246
0.05110709462314844
0.05111175775527954
0.05111226346343756
0.05111555568873882
0.05111705791205168
0.051126607693731785
0.05112734530121088
0.05112845543771982
0.051132687367498875
0.05113369971513748
0.05114160384982824
0.051141707226634026
0.05114228371530771
0.05114507582038641
0.051151879131793976
0.051157230511307716
0.05115878116339445
0.05116018373519182
0.051161748357117176
0.051167070865631104
0.05116906389594078
0.05117748025804758
0.05118136666715145
0.051181730814278126
0.05118307750672102
0.05118644796311855
0.05118840467184782
0.05118853412568569
0.05119421985000372
0.051195754669606686
0.05119793675839901
0.05120376590639353
0.05120391026139259
0.05120695382356644
0.05121563281863928
0.05121945310384035
0.05122064519673586
0.05122406780719757
0.05122855119407177
0.051230208948254585
0.051237909123301506
0.05124359019100666
0.05124570522457361
0.05126241501420736
0.05127366911619902
0.051280721090734005
0.051287866197526455
0.05129240918904543
0.05129708908498287
0.05130025465041399
0.05130303185433149
0.05130342207849026
0.051308137364685535
0.051309190690517426
0.05131055135279894
0.051312376745045185
0.051312655210494995
0.051321228966116905
0.051321317441761494
0.05132495146244764
0.05132601223886013
0.0513300783932209
0.05134441517293453
0.051344684325158596
0.051345424726605415
0.051351871341466904
0.051355987787246704
0.05136099271476269
0.05138443689793348
0.05138774681836367
0.05139712430536747
0.05139817763119936
0.051404464058578014
0.05140903778374195
0.05141466669738293
0.05141495447605848
0.05141511559486389
0.051419107243418694
0.05142113659530878
0.05142156686633825
0.05142279714345932
0.051429906859993935
0.0514367101714015
0.051437269896268845
0.0514524606987834
0.05146491527557373
0.05146711319684982
0.0514796394854784
0.05148063786327839
0.051492675207555294
0.05149982776492834
0.05150080844759941
0.05150196421891451
0.05151462182402611
0.051519705913960934
0.051523489877581596
0.051525562070310116
0.051526003517210484
0.051528261974453926
0.05153091810643673
0.05153599940240383
0.05154826678335667
0.051549650728702545
0.05155255738645792
0.051552994176745415
0.05155611410737038
0.05155665799975395
0.05156015418469906
0.051560597494244576
0.051564281806349754
0.05156796798110008
0.05156904086470604
0.051569344475865364
0.0515698567032814
0.05157608352601528
0.0515902005136013
0.05159284919500351
0.05159940104931593
0.05161905661225319
0.05162158980965614
0.051624919287860394
0.05163281690329313
0.05163394007831812
0.05163460876792669
0.05163505952805281
0.05164965707808733
0.05165757704526186
0.05165973585098982
0.051659819670021534
0.051660736091434956
0.05166115425527096
0.051663788966834545
0.05167210567742586
0.05167871713638306
0.05168167408555746
0.0516887865960598
0.05169861763715744
0.05170105956494808
0.05170414410531521
0.05170470476150513
0.05170510336756706
0.05171789135783911
0.051718635484576225
0.05172309186309576
0.051726444624364376
0.051727548241615295
0.051732137799263
0.05173392500728369
0.05173488240689039
0.0517401397228241
0.051744136959314346
0.05174486059695482
0.0517461197450757
0.051748582161962986
0.051760259084403515
0.05176567658782005
0.051766631193459034
0.05178045015782118
0.05178269650787115
0.051786378026008606
0.05178825370967388
0.0518003199249506
0.0518041867762804
0.05180422030389309
0.051817030645906925
0.05182566586881876
0.05182816833257675
0.051850125193595886
0.05185132008045912
0.051853192038834095
0.051860363222658634
0.0518748527392745
0.05188077501952648
0.05189322493970394
0.05189747642725706
0.051902501843869686
0.051903827115893364
0.05190546251833439
0.051905591040849686
0.051906499080359936
0.051911486312747
0.051911807619035244
0.051912255585193634
0.051915149204432964
0.05191614665091038
0.05191828217357397
0.05192336067557335
0.05193271115422249
0.051934314891695976
0.05193530488759279
0.05194016173481941
0.051952918991446495
0.05197244510054588
0.05197455082088709
0.05197550170123577
0.05198151711374521
0.05198500119149685
0.051986378617584705
0.05199680011719465
0.0519968643784523
0.051998172886669636
0.05200972408056259
0.052013153210282326
0.05202144291251898
0.05202331393957138
0.05203415732830763
0.052035567350685596
0.052037060260772705
0.05203768331557512
0.05205235071480274
0.05205415468662977
0.05205728858709335
0.052057710476219654
0.052070763893425465
0.05207723006606102
0.05207841284573078
0.05208141542971134
0.052090019918978214
0.0520997392013669
0.05210854206234217
0.05210898909717798
0.05212036520242691
0.05212583299726248
0.05214195419102907
0.05214456096291542
0.05214689206331968
0.05215214192867279
0.05215421877801418
0.052159037441015244
0.052162034437060356
0.052162676118314266
0.052176397293806076
0.0521860346198082
0.052190978080034256
0.05219839792698622
0.052199311554431915
0.05220263637602329
0.05220493208616972
0.05221068952232599
0.0522239962592721
0.052234421484172344
0.05224075727164745
0.05224638432264328
0.052248772233724594
0.05225207656621933
0.05225262697786093
0.05225479230284691
0.052258944138884544
0.05226579587906599
0.05226735305041075
0.05227398872375488
0.05227602552622557
0.05228063743561506
0.05228131543844938
0.05228761862963438
0.05229013692587614
0.05229182820767164
0.05229224357753992
0.05229335278272629
0.05229614023119211
0.05229930579662323
0.05230092257261276
0.052302781492471695
0.05230404809117317
0.05230688024312258
0.0523131787776947
0.05233510863035917
0.05233747232705355
0.05234041716903448
0.05235568806529045
0.05236076470464468
0.052363621070981026
0.05236756894737482
0.0523859029635787
0.05239733401685953
0.05241546034812927
0.05241558142006397
0.052433304488658905
0.05243439693003893
0.052457080222666264
0.05245766043663025
0.052460191771388054
0.052465605549514294
0.05248344223946333
0.05248794611543417
0.052490622736513615
0.05250630434602499
0.052514925599098206
0.052518440410494804
0.05251932982355356
0.052527355030179024
0.05253014247864485
0.05253023561090231
0.052530981600284576
0.05254366062581539
0.05254467763006687
0.0525517538189888
0.052556208334863186
0.05256167147308588
0.05256529804319143
0.052567008882761
0.05256890691816807
0.052584961988031864
0.05258582904934883
0.05258807819336653
0.052591233514249325
0.05260309483855963
0.052605610340833664
0.05261771101504564
0.05262296833097935
0.05263009201735258
0.05264709051698446
0.05265272315591574
0.05265396647155285
0.05265431758016348
0.05265576392412186
0.05266903340816498
0.052674973383545876
0.05267629958689213
0.05269915424287319
0.052716318517923355
0.05272703990340233
0.05273827351629734
0.05274485517293215
0.05274554528295994
0.05277425143867731
0.05277731269598007
0.0527822757139802
0.05279045831412077
0.05279221199452877
0.05279697850346565
0.052808817476034164
0.05281214043498039
0.052826058119535446
0.05283239856362343
0.05283635854721069
0.052847595885396004
0.052853223867714405
0.05285405181348324
0.052871834486722946
0.05287274159491062
0.05288979224860668
0.05289577879011631
0.05290632974356413
0.052908421494066715
0.05292122811079025
0.05292517505586147
0.05292885471135378
0.05293824803084135
0.052938928827643394
0.052949526347219944
0.052953447215259075
0.0529602225869894
0.05296506639569998
0.05296666920185089
0.05296738538891077
0.05298793502151966
0.052993097342550755
0.05299843195825815
0.05300975125283003
0.05301050469279289
0.05301126837730408
0.053023952059447765
0.05302921682596207
0.05303405690938234
0.0530363442376256
0.053037441335618496
0.053042165003716946
0.05305398069322109
0.053059146739542484
0.05306436773389578
0.05306549463421106
0.05307568423449993
0.0530769694596529
0.05308885499835014
0.053095473907887936
0.05310130584985018
0.053134018555283546
0.053165167570114136
0.05317023489624262
0.0531715489923954
0.05317260790616274
0.05317969247698784
0.053185902535915375
0.05319388583302498
0.05319785978645086
0.05320781748741865
0.05322056170552969
0.053232439793646336
0.05323578231036663
0.05323690548539162
0.05323825776576996
0.05324419401586056
0.053245401941239834
0.05324685666710138
0.05324927531182766
0.05325125064700842
0.053257694467902184
0.05326910503208637
0.05327936075627804
0.05327965412288904
0.05329478997737169
0.05329609662294388
0.053307563066482544
0.05330761335790157
0.053308810107409954
0.05331540945917368
0.05332412663847208
0.05332687497138977
0.053332433104515076
0.05333379656076431
0.053337167017161846
0.05334906838834286
0.053349291905760765
0.053349376656115055
0.05335318669676781
0.053362022154033184
0.05336793605238199
0.05337735638022423
0.05337882973253727
0.05339416489005089
0.053394678980112076
0.05339938495308161
0.05339949298650026
0.05340286996215582
0.053418965078890324
0.053422218188643456
0.053424110636115074
0.053451087325811386
0.05345217790454626
0.053453593514859676
0.05345890577882528
0.053459412418305874
0.05346325505524874
0.053480906412005424
0.053483144380152225
0.05349043756723404
0.05349080916494131
0.053502779453992844
0.053508724085986614
0.05352640151977539
0.05352725926786661
0.05353448539972305
0.053537010215222836
0.05355651490390301
0.05357372108846903
0.053578728809952736
0.05358039401471615
0.05358216539025307
0.05358818452805281
0.053610204719007015
0.05361151695251465
0.05361558496952057
0.05363675579428673
0.05364149250090122
0.053643692284822464
0.053644973784685135
0.05364646203815937
0.053647447377443314
0.053657688200473785
0.05366025120019913
0.053671457804739475
0.053673698566854
0.05367610231041908
0.05367882736027241
0.05368531122803688
0.05368756875395775
0.05369183048605919
0.053700740449130535
0.05371629074215889
0.053721328265964985
0.053728947415947914
0.053732866421341896
0.05373653769493103
0.05373988300561905
0.05374314542859793
0.05375056341290474
0.05377011839300394
0.053775470703840256
0.053776940330863
0.05377811286598444
0.05379288736730814
0.05381386820226908
0.05383027903735638
0.05385851301252842
0.05387926194816828
0.053892414085567
0.05389272142201662
0.05390376504510641
0.05390405096113682
0.053907934576272964
0.05392688978463411
0.0539317075163126
0.05393277294933796
0.05393301881849766
0.053937237709760666
0.05393909942358732
0.05394928343594074
0.05395273957401514
0.05395765509456396
0.05395915638655424
0.0539609557017684
0.053967809304594994
0.05396865960210562
0.05397301260381937
0.05397301632910967
0.05397732276469469
0.053978750482201576
0.05398538801819086
0.05399537179619074
0.05399793665856123
0.054000288248062134
0.05401387345045805
0.054025218822062016
0.05402654781937599
0.054027751088142395
0.054029361344873905
0.05403503030538559
0.05403535533696413
0.054037039168179035
0.054050857201218605
0.05405303742736578
0.05406057462096214
0.054063727147877216
0.054077111184597015
0.05408979393541813
0.05410873610526323
0.05411338061094284
0.05411477014422417
0.0541197843849659
0.054130690172314644
0.05414183530956507
0.054144712164998055
0.05415224563330412
0.05417229514569044
0.05417715571820736
0.05418230500072241
0.0541849248111248
0.05418586265295744
0.05418890807777643
0.054200148209929466
0.05421605985611677
0.054218946024775505
0.05422079563140869
0.05423287954181433
0.05423724837601185
0.05423853453248739
0.05423948261886835
0.05424181558191776
0.05424193851649761
0.054243963211774826
0.054257201962172985
0.054264903999865055
0.05428735539317131
0.054290673695504665
0.05429189372807741
0.05430976767092943
0.05430981423705816
0.05431476794183254
0.05431520286947489
0.054321860894560814
0.05432302691042423
0.054326269775629044
0.05433247052133083
0.054338003508746624
0.05434089992195368
0.05434784106910229
0.05435445997864008
0.05435756128281355
0.054375601932406425
0.05437586270272732
0.05437768995761871
0.054388660937547684
0.054399202577769756
0.054399495013058186
0.05441642366349697
0.054417671635746956
0.05442584026604891
0.054432435892522335
0.0544420201331377
0.05445127189159393
0.05445416923612356
0.05445430614054203
0.05447210092097521
0.054472945630550385
0.05447745509445667
0.05448000505566597
0.05448126047849655
0.05448527634143829
0.05448963865637779
0.05449175741523504
0.054498014971613884
0.05450612027198076
0.05450773052871227
0.05451385956257582
0.05451673734933138
0.054517555981874466
0.05453077983111143
0.054531216621398926
0.05455500725656748
0.05457063298672438
0.05457344092428684
0.0545791694894433
0.05458525288850069
0.054588569328188896
0.05459410883486271
0.054606085643172264
0.0546133890748024
0.05461439210921526
0.05462380778044462
0.05462897475808859
0.05463531147688627
0.054639264941215515
0.05465796776115894
0.05465835519134998
0.0546637112274766
0.05467640422284603
0.05467733833938837
0.05467808432877064
0.05468374863266945
0.05468427482992411
0.05468765553086996
0.05469416733831167
0.054697370156645775
0.0547008216381073
0.05470807943493128
0.054714690893888474
0.05473675765097141
0.054738628678023815
0.05476127006113529
0.054766399785876274
0.05476855207234621
0.054779279977083206
0.05478109233081341
0.05478652846068144
0.05479996278882027
0.05482242442667484
0.054824985563755035
0.054834552109241486
0.054835302755236626
0.05483551975339651
0.054838962852954865
0.05485273897647858
0.05485319532454014
0.054868657141923904
0.054873338900506496
0.05487436801195145
0.05488945543766022
0.054894727654755116
0.05489891581237316
0.0549027044326067
0.05490869656205177
0.0549096567556262
0.05492109805345535
0.05493857152760029
0.054941621609032154
0.054945457726716995
0.0549531327560544
0.054957183077931404
0.05496120173484087
0.054966170340776443
0.054966279305517673
0.05497313942760229
0.05499640945345163
0.05500789266079664
0.05502019822597504
0.05503328423947096
0.055033705197274685
0.05503859557211399
0.05504793208092451
0.05505572538822889
0.05506318248808384
0.05506940558552742
0.05507667548954487
0.05507721845060587
0.05511852540075779
0.055128064937889576
0.05513336881995201
0.05513585451990366
0.05513750575482845
0.05515254382044077
0.055160379968583584
0.05516383983194828
0.05516912695020437
0.055188506841659546
0.055188736878335476
0.055200387723743916
0.0552014010027051
0.05521932989358902
0.055233342573046684
0.055236137472093105
0.055237699300050735
0.055245074443519115
0.05524667166173458
0.055247655138373375
0.05528458207845688
0.05528581794351339
0.055305365473032
0.055324794724583626
0.05534149333834648
0.055343310348689556
0.05534630361944437
0.055357400327920914
0.05536048114299774
0.05537045653909445
0.055383521132171154
0.05540080275386572
0.055435361340641975
0.0554359657689929
0.05544397886842489
0.05545280873775482
0.05545979645103216
0.055476862005889416
0.0554946418851614
0.05549498833715916
0.055498008616268635
0.05549874156713486
0.05551155470311642
0.055529930628836155
0.05553739797323942
0.055570922791957855
0.05558314919471741
0.05559265520423651
0.05559642054140568
0.055622486397624016
0.055647664703428745
0.0556483156979084
0.05568783823400736
0.055706508457660675
0.055714345537126064
0.055715885013341904
0.05571592226624489
0.05572461523115635
0.05572571698576212
0.05574185121804476
0.05575045011937618
0.05578959174454212
0.05581383965909481
0.05582110118120909
0.05582602694630623
0.05583249777555466
0.05583382211625576
0.055856156162917614
0.0558753227815032
0.055877333506941795
0.05588036309927702
0.05590168945491314
0.05593749787658453
0.055943663232028484
0.055984118953347206
0.05600422713905573
0.05603250116109848
0.05607357155531645
0.05607896577566862
0.05609943065792322
0.05610765144228935
0.056132661178708076
0.05615305248647928
0.05616885796189308
0.05630179587751627
0.05630536191165447
0.056317444890737534
0.05634691193699837
0.05643541645258665
0.056506731547415257
0.05652075354009867
0.05654432438313961
0.05659047234803438
0.056590793654322624
0.056715091690421104
0.056778645142912865
0.05683108791708946
0.05683556944131851
0.05684403236955404
0.056844151578843594
0.05685498006641865
0.05688865669071674
0.05692425183951855
0.056962097994983196
0.05697302147746086
0.056976960971951485
0.05701396707445383
0.05712201166898012
0.05713178589940071
0.05724497698247433
0.05729858856648207
0.05732566397637129
0.05759819783270359
0.05796936061233282
0.05809492710977793
0.05810590274631977
0.05812595319002867
0.05818183161318302
0.058224285021424294
0.058327565900981426
0.0583621971309185
0.05837874859571457
0.05844292975962162
0.05847928486764431
0.05849017668515444
0.05850587133318186
0.05851350072771311
0.05851677060127258
0.05851785372942686
0.05852298252284527
0.05853661056607962
0.058547090739011765
0.05855496600270271
0.058568522334098816
0.05858239158987999
0.058589654974639416
0.058595611713826656
0.05860590189695358
0.058626134879887104
0.05862746573984623
0.058631256222724915
0.058638748712837696
0.058649102225899696
0.05865253787487745
0.058667171746492386
0.05867826659232378
0.05867878347635269
0.05868179630488157
0.058689520694315434
0.05869224388152361
0.05869655776768923
0.05869658105075359
0.05869986675679684
0.058701811358332634
0.058718366548419
0.05872382316738367
0.05873041972517967
0.05875775311142206
0.05875999107956886
0.05878435913473368
0.05878794193267822
0.058792175725102425
0.05880053900182247
0.05880608502775431
0.058812822215259075
0.05885811150074005
0.05886436905711889
0.05887680407613516
0.05888056382536888
0.05888255685567856
0.05888470355421305
0.058892847038805485
0.05889935698360205
0.05893972050398588
0.05896509159356356
0.059023575857281685
0.05903078243136406
0.05905530508607626
0.05905776657164097
0.05907178204506636
0.05907196830958128
0.059079017490148544
0.05909202806651592
0.05910705402493477
0.05911510996520519
0.059121137484908104
0.05912858992815018
0.059158763848245144
0.05920262914150953
0.05920934118330479
0.05923089757561684
0.05923985317349434
0.05924504902213812
0.059257637709379196
0.05926371272653341
0.05928056873381138
0.0593357440084219
0.059383753687143326
0.05939890816807747
0.059495401568710804
0.05949891731142998
0.05952300410717726
0.05965136457234621
0.05967989191412926
0.05971731245517731
0.05972852744162083
0.059735131449997425
0.05975581705570221
0.05978966597467661
0.0599801754578948
0.06001156568527222
0.06009791884571314
0.06021660752594471
0.06061601359397173
0.06077439710497856
0.06077836826443672
0.06079067010432482
0.06096187233924866
0.06097705569118261
0.06105677969753742
0.0610893527045846
0.061102522537112236
0.061240059323608875
0.06131195556372404
0.061422668397426605
0.062178109772503376
0.06260190438479185
0.06263118050992489
0.06280724797397852
0.06322831101715565
0.06327981501817703
0.06333528645336628
0.06362011935561895
0.06401173584163189
0.06407468114048243
0.0641300743445754
0.06432577967643738
0.06530463229864836
0.06576420459896326
0.06624074373394251
0.06667287833988667
0.06690467242151499
0.06694607436656952
0.06756314635276794
0.06795421335846186
0.06842815969139338
0.06863207556307316
0.07009048853069544
0.0702853286638856
0.0707884980365634
0.0721922256052494
0.07291966956108809
0.07295905705541372
0.073370854370296
0.07467822171747684
0.07498063426464796
0.07534375321120024
0.07603664137423038
0.07736762333661318
0.07816014345735312
0.08082814514636993
0.08097819052636623
0.08308867271989584
0.08585372474044561
0.08587471395730972
0.08783560153096914
0.08843737374991179
0.08983070775866508
0.09331916831433773
0.095313617028296
0.0953507823869586
0.09535611234605312
0.0960041806101799
0.0975710665807128
0.09939214866608381
0.10032191313803196
0.10230325907468796
0.10292266216129065
0.10314011946320534
0.10894762445241213
0.10896907467395067
0.10972342919558287
0.10976135544478893
0.1097935726866126
0.10988541506230831
0.11010414082556963
0.11066851671785116
0.11668786313384771
0.11797232553362846
0.11879063490778208
0.12404299434274435
0.12546466756612062
0.12854635808616877
0.13169791270047426
0.1328946342691779
0.13466176111251116
0.1378945829346776
0.1388191021978855
0.139730641618371
0.1424184963107109
0.14588304143399
0.1459238976240158
0.14614415168762207
0.14744113199412823
0.15317177027463913
0.15709838084876537
0.16066855378448963
0.16462155152112246
0.17036562133580446
0.17196948640048504
0.1753214169293642
0.17726155277341604
0.17729440052062273
0.18227502331137657
0.1848151246085763
0.18483752850443125
0.1853923611342907
0.18778424244374037
0.18956932239234447
0.19058420322835445
0.19516566675156355
0.19537234399467707
0.20251310802996159
0.20862677600234747
0.20988057740032673
0.21039826329797506
0.21685047820210457
0.21831641998142004
0.2239392353221774
0.2241991190239787
0.2312745274975896
0.23895928356796503
0.24631393793970346
0.2465547751635313
0.2542396392673254
0.254928526468575
0.2624766677618027
0.2628432596102357
0.27056086622178555
0.27607515826821327
0.28207373060286045
0.2829594584181905
0.28934592474251986
0.29065825045108795
0.29664757288992405
0.2967215422540903
0.304782435297966
0.3098258385434747
0.30995753314346075
0.3107197219505906
0.3108809934929013
0.3126149224117398
0.31383702997118235
0.3138853497803211
0.31434403639286757
0.3155239373445511
0.32039193250238895
0.3217724971473217
0.32680690195411444
0.3280396880581975
0.3282091049477458
0.3304416751489043
0.3345869407057762
0.3355413554236293
0.3357666153460741
0.33664373867213726
0.34254073444753885
0.3426421647891402
0.3428999241441488
0.3450142666697502
0.347295138053596
0.34745586663484573
0.3476917613297701
0.3497367147356272
0.3526739850640297
0.35393301490694284
0.35423108004033566
0.35584514681249857
0.35591244604438543
0.3575469860807061
0.3582643233239651
0.3599371798336506
0.360751835629344
0.3634831802919507
0.36403751466423273
0.36806224565953016
0.37085870280861855
0.37638022750616074
0.3785054041072726
0.38622912019491196
0.39240150805562735
0.40057756844908
